"Map measures:"	"D-50"	"%"	" 1 kHz"
"Project:"	"project"
"Creator:"	"CATT-Acoustic v9.1b (build 1.03) / TUCT v1.1b:2.02"
"Date/Time:"	"2018-06-05 21:00:14"
"Air abs.:"	"on"
"Interference:"	"off"
"Adapt rays:"	"off"
"No of rays:"	500	"Diffraction: "	"off"
"Ech. length:"	1000	"ms"

"Layer:"	1	"of"	1	"Nx:"	9	"Ny:"	1002
	-0,50	0,50	1,50	2,50	3,50	4,50	5,50	6,50	7,50	8,50	9,50	10,50	11,50	12,50	13,50	14,50	15,50	16,50	17,50	18,50	19,50	20,50	21,50	22,50	23,50	24,50	25,50	26,50	27,50	28,50	29,50	30,50	31,50	32,50	33,50	34,50	35,50	36,50	37,50	38,50	39,50	40,50	41,50	42,50	43,50	44,50	45,50	46,50	47,50	48,50	49,50	50,50	51,50	52,50	53,50	54,50	55,50	56,50	57,50	58,50	59,50	60,50	61,50	62,50	63,50	64,50	65,50	66,50	67,50	68,50	69,50	70,50	71,50	72,50	73,50	74,50	75,50	76,50	77,50	78,50	79,50	80,50	81,50	82,50	83,50	84,50	85,50	86,50	87,50	88,50	89,50	90,50	91,50	92,50	93,50	94,50	95,50	96,50	97,50	98,50	99,50	100,50	101,50	102,50	103,50	104,50	105,50	106,50	107,50	108,50	109,50	110,50	111,50	112,50	113,50	114,50	115,50	116,50	117,50	118,50	119,50	120,50	121,50	122,50	123,50	124,50	125,50	126,50	127,50	128,50	129,50	130,50	131,50	132,50	133,50	134,50	135,50	136,50	137,50	138,50	139,50	140,50	141,50	142,50	143,50	144,50	145,50	146,50	147,50	148,50	149,50	150,50	151,50	152,50	153,50	154,50	155,50	156,50	157,50	158,50	159,50	160,50	161,50	162,50	163,50	164,50	165,50	166,50	167,50	168,50	169,50	170,50	171,50	172,50	173,50	174,50	175,50	176,50	177,50	178,50	179,50	180,50	181,50	182,50	183,50	184,50	185,50	186,50	187,50	188,50	189,50	190,50	191,50	192,50	193,50	194,50	195,50	196,50	197,50	198,50	199,50	200,50	201,50	202,50	203,50	204,50	205,50	206,50	207,50	208,50	209,50	210,50	211,50	212,50	213,50	214,50	215,50	216,50	217,50	218,50	219,50	220,50	221,50	222,50	223,50	224,50	225,50	226,50	227,50	228,50	229,50	230,50	231,50	232,50	233,50	234,50	235,50	236,50	237,50	238,50	239,50	240,50	241,50	242,50	243,50	244,50	245,50	246,50	247,50	248,50	249,50	250,50	251,50	252,50	253,50	254,50	255,50	256,50	257,50	258,50	259,50	260,50	261,50	262,50	263,50	264,50	265,50	266,50	267,50	268,50	269,50	270,50	271,50	272,50	273,50	274,50	275,50	276,50	277,50	278,50	279,50	280,50	281,50	282,50	283,50	284,50	285,50	286,50	287,50	288,50	289,50	290,50	291,50	292,50	293,50	294,50	295,50	296,50	297,50	298,50	299,50	300,50	301,50	302,50	303,50	304,50	305,50	306,50	307,50	308,50	309,50	310,50	311,50	312,50	313,50	314,50	315,50	316,50	317,50	318,50	319,50	320,50	321,50	322,50	323,50	324,50	325,50	326,50	327,50	328,50	329,50	330,50	331,50	332,50	333,50	334,50	335,50	336,50	337,50	338,50	339,50	340,50	341,50	342,50	343,50	344,50	345,50	346,50	347,50	348,50	349,50	350,50	351,50	352,50	353,50	354,50	355,50	356,50	357,50	358,50	359,50	360,50	361,50	362,50	363,50	364,50	365,50	366,50	367,50	368,50	369,50	370,50	371,50	372,50	373,50	374,50	375,50	376,50	377,50	378,50	379,50	380,50	381,50	382,50	383,50	384,50	385,50	386,50	387,50	388,50	389,50	390,50	391,50	392,50	393,50	394,50	395,50	396,50	397,50	398,50	399,50	400,50	401,50	402,50	403,50	404,50	405,50	406,50	407,50	408,50	409,50	410,50	411,50	412,50	413,50	414,50	415,50	416,50	417,50	418,50	419,50	420,50	421,50	422,50	423,50	424,50	425,50	426,50	427,50	428,50	429,50	430,50	431,50	432,50	433,50	434,50	435,50	436,50	437,50	438,50	439,50	440,50	441,50	442,50	443,50	444,50	445,50	446,50	447,50	448,50	449,50	450,50	451,50	452,50	453,50	454,50	455,50	456,50	457,50	458,50	459,50	460,50	461,50	462,50	463,50	464,50	465,50	466,50	467,50	468,50	469,50	470,50	471,50	472,50	473,50	474,50	475,50	476,50	477,50	478,50	479,50	480,50	481,50	482,50	483,50	484,50	485,50	486,50	487,50	488,50	489,50	490,50	491,50	492,50	493,50	494,50	495,50	496,50	497,50	498,50	499,50	500,50	501,50	502,50	503,50	504,50	505,50	506,50	507,50	508,50	509,50	510,50	511,50	512,50	513,50	514,50	515,50	516,50	517,50	518,50	519,50	520,50	521,50	522,50	523,50	524,50	525,50	526,50	527,50	528,50	529,50	530,50	531,50	532,50	533,50	534,50	535,50	536,50	537,50	538,50	539,50	540,50	541,50	542,50	543,50	544,50	545,50	546,50	547,50	548,50	549,50	550,50	551,50	552,50	553,50	554,50	555,50	556,50	557,50	558,50	559,50	560,50	561,50	562,50	563,50	564,50	565,50	566,50	567,50	568,50	569,50	570,50	571,50	572,50	573,50	574,50	575,50	576,50	577,50	578,50	579,50	580,50	581,50	582,50	583,50	584,50	585,50	586,50	587,50	588,50	589,50	590,50	591,50	592,50	593,50	594,50	595,50	596,50	597,50	598,50	599,50	600,50	601,50	602,50	603,50	604,50	605,50	606,50	607,50	608,50	609,50	610,50	611,50	612,50	613,50	614,50	615,50	616,50	617,50	618,50	619,50	620,50	621,50	622,50	623,50	624,50	625,50	626,50	627,50	628,50	629,50	630,50	631,50	632,50	633,50	634,50	635,50	636,50	637,50	638,50	639,50	640,50	641,50	642,50	643,50	644,50	645,50	646,50	647,50	648,50	649,50	650,50	651,50	652,50	653,50	654,50	655,50	656,50	657,50	658,50	659,50	660,50	661,50	662,50	663,50	664,50	665,50	666,50	667,50	668,50	669,50	670,50	671,50	672,50	673,50	674,50	675,50	676,50	677,50	678,50	679,50	680,50	681,50	682,50	683,50	684,50	685,50	686,50	687,50	688,50	689,50	690,50	691,50	692,50	693,50	694,50	695,50	696,50	697,50	698,50	699,50	700,50	701,50	702,50	703,50	704,50	705,50	706,50	707,50	708,50	709,50	710,50	711,50	712,50	713,50	714,50	715,50	716,50	717,50	718,50	719,50	720,50	721,50	722,50	723,50	724,50	725,50	726,50	727,50	728,50	729,50	730,50	731,50	732,50	733,50	734,50	735,50	736,50	737,50	738,50	739,50	740,50	741,50	742,50	743,50	744,50	745,50	746,50	747,50	748,50	749,50	750,50	751,50	752,50	753,50	754,50	755,50	756,50	757,50	758,50	759,50	760,50	761,50	762,50	763,50	764,50	765,50	766,50	767,50	768,50	769,50	770,50	771,50	772,50	773,50	774,50	775,50	776,50	777,50	778,50	779,50	780,50	781,50	782,50	783,50	784,50	785,50	786,50	787,50	788,50	789,50	790,50	791,50	792,50	793,50	794,50	795,50	796,50	797,50	798,50	799,50	800,50	801,50	802,50	803,50	804,50	805,50	806,50	807,50	808,50	809,50	810,50	811,50	812,50	813,50	814,50	815,50	816,50	817,50	818,50	819,50	820,50	821,50	822,50	823,50	824,50	825,50	826,50	827,50	828,50	829,50	830,50	831,50	832,50	833,50	834,50	835,50	836,50	837,50	838,50	839,50	840,50	841,50	842,50	843,50	844,50	845,50	846,50	847,50	848,50	849,50	850,50	851,50	852,50	853,50	854,50	855,50	856,50	857,50	858,50	859,50	860,50	861,50	862,50	863,50	864,50	865,50	866,50	867,50	868,50	869,50	870,50	871,50	872,50	873,50	874,50	875,50	876,50	877,50	878,50	879,50	880,50	881,50	882,50	883,50	884,50	885,50	886,50	887,50	888,50	889,50	890,50	891,50	892,50	893,50	894,50	895,50	896,50	897,50	898,50	899,50	900,50	901,50	902,50	903,50	904,50	905,50	906,50	907,50	908,50	909,50	910,50	911,50	912,50	913,50	914,50	915,50	916,50	917,50	918,50	919,50	920,50	921,50	922,50	923,50	924,50	925,50	926,50	927,50	928,50	929,50	930,50	931,50	932,50	933,50	934,50	935,50	936,50	937,50	938,50	939,50	940,50	941,50	942,50	943,50	944,50	945,50	946,50	947,50	948,50	949,50	950,50	951,50	952,50	953,50	954,50	955,50	956,50	957,50	958,50	959,50	960,50	961,50	962,50	963,50	964,50	965,50	966,50	967,50	968,50	969,50	970,50	971,50	972,50	973,50	974,50	975,50	976,50	977,50	978,50	979,50	980,50	981,50	982,50	983,50	984,50	985,50	986,50	987,50	988,50	989,50	990,50	991,50	992,50	993,50	994,50	995,50	996,50	997,50	998,50	999,50	1000,50	"y-axis"
-4,00	71,73	15,43	73,16	39,48	74,85	80,17	78,33	99,31	72,47	72,42	77,20	92,20	98,97	94,93	95,62	95,00	93,84	97,17	93,94	90,88	90,44	89,74	82,03	95,09	75,88	96,57	63,17	91,79	88,30	82,32	64,43	99,14	43,67	78,00	96,33	21,83	5,14	9,19	7,80	23,50	8,09	7,95	13,36	3,88	20,69	22,67	22,59	37,49	14,32	29,60	38,35	36,88	48,47	67,76	55,69	44,62	47,97	49,49	39,27	70,85	73,73	57,07	83,42	67,89	63,81	85,99	85,69	85,83	73,18	84,19	81,15	78,56	62,47	65,82	55,64	77,57	69,38	21,24	12,30	12,35	12,30	72,84	55,31	48,91	22,98	16,56	2,37	4,40	10,55	16,94	6,16	10,02	14,59	3,08	16,80	9,61	20,45	22,93	24,44	37,14	29,01	33,60	49,81	50,30	47,17	48,89	44,56	36,94	56,01	59,74	63,34	64,57	72,18	50,99	55,20	89,38	70,61	57,07	54,41	47,89	82,28	53,60	70,56	73,89	51,75	76,21	54,33	11,69	6,73	47,51	65,29	68,47	50,70	37,06	21,55	21,71	4,22	2,48	12,26	5,01	4,84	15,16	17,12	4,16	14,90	12,73	39,79	22,58	25,14	22,57	30,18	33,71	48,10	36,74	51,39	47,94	49,08	67,36	56,19	60,68	71,88	67,39	70,43	69,10	45,61	81,14	73,73	67,99	50,15	53,17	78,84	71,31	69,69	62,64	63,49	86,15	67,21	22,38	9,16	9,17	11,14	55,14	50,39	48,86	50,85	6,19	2,92	1,94	8,44	18,39	15,45	7,12	8,00	4,32	20,48	17,58	18,15	18,09	9,83	26,14	32,94	34,30	30,85	22,33	29,27	26,88	28,60	33,34	54,79	62,22	69,19	42,13	41,34	53,61	31,27	74,99	73,50	67,89	44,23	45,23	77,83	68,16	70,58	76,31	50,79	75,29	45,63	21,56	11,79	11,59	11,97	60,09	49,19	51,78	61,05	10,82	27,73	27,61	4,85	13,52	12,17	4,24	4,23	4,56	16,43	8,69	18,57	17,72	14,22	7,13	10,72	17,87	9,30	12,10	24,74	31,48	46,74	26,07	44,82	35,25	62,80	60,42	74,89	48,74	56,95	72,15	76,01	65,31	49,67	49,33	73,63	88,33	66,76	61,92	59,25	83,70	67,57	75,32	59,19	53,83	67,79	62,47	54,94	44,80	58,17	3,65	1,26	0,72	2,45	13,22	10,44	3,63	4,01	4,11	8,40	14,55	14,82	20,83	15,18	31,02	20,61	56,65	42,51	35,42	45,81	44,88	56,06	11,59	12,16	63,79	64,97	53,68	58,40	52,03	53,06	75,46	80,92	83,37	67,27	68,39	66,18	59,14	65,04	54,77	56,62	82,35	49,24	20,76	11,82	12,11	12,14	63,82	53,55	68,91	48,17	6,16	1,82	0,79	2,26	5,36	3,88	3,19	7,29	7,38	7,66	11,67	19,01	25,50	29,91	29,64	31,38	30,68	25,78	19,45	31,09	29,91	29,83	35,07	53,43	56,59	66,91	31,42	26,85	35,63	56,46	41,89	70,87	72,72	41,99	47,21	75,20	62,14	41,13	47,21	59,01	80,35	40,58	10,28	11,33	11,27	12,26	71,84	44,46	54,56	56,74	7,51	1,92	0,95	2,50	13,90	4,96	3,52	3,99	4,05	16,90	10,17	3,92	29,16	22,41	34,06	29,79	64,58	19,26	19,31	29,24	24,15	38,90	42,10	55,57	65,22	68,76	49,01	55,42	61,93	53,67	58,21	72,42	72,94	46,66	43,93	64,44	73,34	57,92	66,56	59,79	83,65	53,14	20,77	11,99	12,55	11,48	59,95	40,02	60,59	67,15	4,57	1,47	0,87	2,16	5,95	15,78	1,45	2,80	3,82	22,66	20,98	15,09	14,74	17,67	26,66	27,24	51,64	52,94	39,06	26,35	22,41	37,13	45,49	36,70	58,09	63,23	33,92	35,29	57,15	60,39	72,87	73,57	55,23	37,36	56,02	63,88	72,10	54,82	40,63	31,43	80,08	52,04	20,42	11,30	11,51	11,47	68,11	24,34	18,72	40,45	11,14	2,42	1,22	2,44	25,25	5,55	3,56	5,05	4,07	10,64	12,20	13,65	18,19	21,55	14,60	43,26	25,76	28,80	29,55	43,27	28,40	24,55	34,73	54,67	49,81	55,25	54,40	59,01	44,17	48,41	73,35	46,28	72,47	46,29	42,57	79,38	86,48	66,90	63,36	69,23	85,24	49,22	20,67	10,79	11,99	12,69	62,87	45,86	31,80	30,06	4,69	1,62	1,26	1,35	13,35	4,72	3,04	7,18	7,81	15,11	10,81	15,90	20,96	5,68	15,98	19,74	26,41	26,55	27,62	32,53	29,94	30,69	42,20	75,13	55,98	62,54	40,02	53,36	28,61	53,75	80,09	75,20	53,40	26,74	27,52	63,13	67,02	62,66	71,92	55,23	80,66	41,15	19,42	10,77	11,91	12,34	53,59	41,07	38,02	44,32	3,70	2,26	0,72	2,10	10,82	5,52	3,42	4,32	9,87	19,33	10,79	9,24	14,84	4,48	7,81	42,76	33,17	22,48	23,51	23,06	23,82	19,89	27,25	56,65	57,90	67,92	68,78	68,17	50,56	61,52	79,51	77,45	17,42	16,78	46,64	80,18	69,95	65,79	61,14	56,19	76,68	43,77	21,17	11,41	11,61	25,06	83,91	52,90	42,60	49,27	6,38	2,78	1,45	11,19	11,16	4,82	9,37	9,56	6,60	10,78	6,92	14,88	16,88	25,33	30,73	24,42	32,71	23,33	29,40	30,68	28,58	29,85	49,32	54,90	66,52	51,83	56,99	34,34	50,09	60,38	78,16	81,44	78,05	57,42	63,48	71,04	65,76	71,12	62,13	56,26	78,02	49,37	11,54	10,73	12,18	11,78	49,33	42,68	56,37	55,83	4,43	2,33	1,51	6,43	10,13	3,29	9,37	12,21	6,80	19,71	6,00	18,16	17,96	14,49	26,73	14,55	41,04	39,40	31,66	44,95	40,85	39,03	48,28	51,54	62,24	54,57	43,13	63,81	58,39	61,05	73,92	58,74	48,52	45,09	48,57	70,94	52,40	46,96	75,24	60,95	82,34	81,42	52,82	56,21	68,34	52,10	51,09	50,73	59,59	39,48	3,56	1,81	0,94	2,48	17,07	6,18	4,37	2,04	3,46	14,59	10,91	8,92	15,44	19,63	47,55	53,45	26,07	42,07	49,65	48,44	42,22	38,23	45,78	51,65	47,67	48,25	54,88	67,41	75,64	65,19	79,80	91,00	81,48	67,34	70,55	73,60	68,34	68,51	74,71	73,07	84,42	43,65	20,78	11,21	12,50	10,18	61,70	41,31	47,57	59,70	4,55	1,36	0,86	2,54	17,27	5,87	3,02	4,32	4,13	6,80	9,96	16,44	29,30	26,16	21,72	21,70	19,41	30,27	25,68	23,99	32,41	28,58	31,68	48,71	61,51	67,94	30,54	58,66	48,19	62,37	74,21	79,95	83,37	65,91	50,41	70,04	58,47	68,54	58,81	55,51	67,98	44,49	63,63	57,15	58,03	57,54	37,24	52,87	47,20	56,31	4,42	2,48	8,56	11,03	10,34	3,04	3,11	4,13	4,70	23,58	20,99	32,94	13,10	13,14	31,39	26,30	36,24	41,29	48,76	43,68	47,41	45,08	56,90	55,06	46,48	60,21	63,04	62,01	37,74	64,77	72,07	83,22	67,66	64,94	64,00	66,36	72,57	66,36	75,50	67,91	60,46	44,25	37,22	26,82	44,38	61,74	29,91	51,09	32,54	40,22	3,14	1,25	0,90	2,41	18,04	5,54	2,24	2,80	3,21	12,65	11,01	13,21	25,46	25,17	20,31	23,60	22,33	27,81	25,05	32,51	34,67	31,64	31,20	47,85	60,64	66,23	58,55	83,76	49,10	46,98	65,41	83,63	84,13	69,48	63,36	75,12	44,85	63,19	60,96	54,97	78,84	50,89	21,41	11,16	12,40	12,15	60,60	46,53	61,93	51,98	5,23	2,52	1,84	6,51	11,51	4,46	3,90	10,86	8,05	14,76	10,41	12,07	25,69	18,59	17,03	21,43	47,53	26,97	25,96	51,07	27,38	31,94	32,90	53,88	57,16	66,92	50,54	83,70	57,15	40,38	78,68	60,38	48,14	47,72	47,48	64,74	62,86	39,96	63,17	60,99	81,41	34,74	61,53	35,63	47,18	42,21	57,01	47,18	41,61	47,91	14,81	1,72	1,56	2,60	7,12	4,83	4,34	5,85	4,65	19,71	12,33	15,15	22,09	22,00	27,13	40,23	35,39
-3,00	93,52	11,91	30,40	41,81	66,89	82,03	77,18	98,83	92,61	82,88	73,09	94,25	80,26	93,86	60,55	92,75	95,54	80,38	84,10	89,90	72,14	76,49	84,91	93,62	63,28	82,19	83,17	80,60	41,49	61,57	68,90	54,65	36,82	16,29	11,70	6,58	2,45	7,20	4,51	20,12	16,94	7,59	20,84	22,84	20,52	8,66	18,07	26,81	15,27	15,69	39,75	46,54	48,57	73,82	57,26	38,53	46,69	72,90	75,19	78,85	61,39	61,14	71,05	66,43	84,76	75,25	76,60	65,65	75,47	83,03	70,48	86,40	82,27	48,30	13,51	12,70	12,69	73,12	67,34	77,47	68,27	49,48	48,60	18,63	18,07	4,88	3,72	5,50	4,61	6,51	22,26	8,49	22,53	28,19	11,65	18,57	23,04	36,28	21,26	15,06	20,19	35,22	43,27	52,48	42,44	40,92	37,17	46,63	68,47	77,70	40,41	53,54	70,21	70,42	67,98	70,00	71,90	79,97	68,15	80,68	56,99	74,04	79,13	70,01	11,81	13,58	12,37	37,23	10,18	42,29	49,62	44,19	54,60	9,60	10,08	3,15	0,80	0,86	1,23	5,78	8,52	9,04	5,63	13,87	16,17	45,75	26,11	27,10	15,87	17,18	16,49	41,43	50,99	32,89	54,17	53,58	54,06	53,32	72,16	74,88	63,23	76,78	64,83	49,84	48,61	66,99	71,88	61,05	65,35	76,12	43,09	68,66	65,74	53,73	14,10	11,85	15,90	31,66	12,80	49,65	47,21	48,50	50,68	9,59	9,16	1,00	1,01	1,10	1,25	4,65	14,24	8,85	20,12	14,99	12,88	18,49	18,25	11,46	27,77	30,82	39,54	36,23	54,98	46,57	45,23	35,67	35,21	37,41	65,27	70,58	36,47	39,38	41,29	36,86	21,03	18,59	30,23	25,79	24,58	30,70	53,06	75,87	76,71	65,07	16,62	14,03	12,57	42,39	25,18	38,18	56,88	56,87	64,28	21,76	16,76	7,15	5,52	5,29	7,34	13,34	12,18	14,02	14,71	4,20	14,69	12,59	17,41	26,75	36,73	7,24	10,93	11,45	13,48	17,63	36,12	35,33	46,67	49,66	42,74	34,33	36,78	52,07	38,83	40,96	40,74	23,68	27,35	21,38	41,55	22,59	17,84	56,33	77,26	68,09	59,61	64,85	40,90	56,76	68,14	59,55	53,45	48,83	55,25	10,04	8,91	1,04	0,74	1,49	5,09	5,62	7,17	4,91	30,52	22,83	19,33	12,33	14,60	20,46	34,60	27,24	35,66	67,11	43,38	45,03	44,54	48,48	49,77	10,69	16,59	66,57	45,24	54,63	67,57	75,44	23,60	13,86	17,87	14,05	12,80	15,75	17,61	57,12	49,10	64,33	13,28	18,50	17,06	47,02	25,13	45,38	75,20	54,46	47,17	9,46	9,66	1,11	0,79	0,93	1,12	2,98	28,07	32,49	10,98	14,31	8,66	18,00	30,55	23,09	24,75	59,46	31,90	36,75	25,45	36,54	61,56	56,87	58,75	67,63	64,06	53,25	41,66	52,56	67,08	70,56	38,73	26,12	68,98	65,22	43,65	49,34	35,28	38,77	83,11	66,81	13,41	13,58	11,65	44,13	63,74	32,16	41,73	47,85	63,32	17,59	17,27	12,57	2,11	2,37	10,63	10,01	16,50	9,75	12,46	26,50	16,61	16,21	21,93	4,45	12,74	14,34	34,08	10,35	34,86	53,32	50,08	39,31	34,66	57,15	71,49	72,45	67,22	71,71	37,90	46,78	45,48	19,79	26,61	20,06	19,26	18,58	18,28	59,42	63,10	52,22	13,40	14,09	12,67	46,60	40,67	44,80	70,35	56,16	60,38	12,06	9,21	1,05	0,78	0,87	1,15	5,81	9,30	8,48	8,64	23,16	22,76	16,32	28,86	16,37	22,13	48,72	48,57	26,81	43,66	44,91	39,41	48,32	33,20	56,49	51,81	56,35	39,86	50,00	42,98	64,39	62,52	21,34	23,31	18,88	19,13	22,54	16,57	62,68	57,27	45,01	10,47	12,38	12,86	42,22	25,50	37,39	46,00	56,45	58,14	10,60	13,85	1,41	1,00	1,08	1,15	4,12	15,78	6,57	13,93	13,64	12,50	15,57	23,79	15,57	15,95	15,50	55,37	39,60	24,41	24,69	50,70	43,59	29,78	59,25	62,28	54,91	31,06	37,02	45,64	50,68	19,13	22,39	31,39	24,70	22,18	26,15	46,63	75,14	61,35	53,43	13,18	14,54	12,02	34,96	22,05	41,61	46,43	82,70	54,61	14,92	13,79	0,99	0,97	1,35	3,83	7,23	16,39	6,49	20,41	14,38	12,26	11,04	23,76	19,25	19,35	29,01	34,03	27,51	31,76	19,49	39,10	44,47	48,76	63,85	65,79	67,83	31,76	41,17	19,32	18,03	35,35	44,80	48,94	51,96	53,33	44,28	44,69	53,82	81,14	61,05	13,43	19,84	12,24	42,72	41,60	48,49	41,11	39,20	54,64	16,78	17,53	7,43	3,36	3,68	4,33	5,88	22,41	9,46	18,03	14,60	14,86	23,23	29,50	18,52	3,85	7,05	43,74	46,27	30,70	48,41	40,85	54,02	44,77	32,95	45,16	56,00	37,60	50,00	62,11	60,13	20,59	13,82	35,46	23,80	20,90	30,73	59,72	67,30	60,70	65,65	13,76	13,58	12,50	42,09	47,10	44,66	55,05	38,37	79,36	9,45	9,50	0,96	0,66	0,88	1,03	3,58	6,55	15,61	8,05	6,80	14,54	9,39	25,14	20,94	20,33	33,61	32,10	51,97	54,33	53,60	55,23	70,56	60,51	52,89	38,17	64,94	42,39	51,64	52,69	62,52	24,95	22,65	28,83	24,23	29,75	25,71	56,16	76,14	66,67	57,70	12,94	13,24	12,31	64,10	26,96	36,30	47,85	39,23	49,10	16,75	16,68	3,75	2,33	4,80	4,70	9,28	10,83	9,12	7,17	11,43	7,50	15,21	20,14	14,58	13,94	26,74	40,04	19,14	31,96	54,16	51,86	23,72	29,49	60,75	56,57	59,46	54,52	81,93	55,69	59,18	71,52	21,31	27,18	20,95	18,05	20,52	21,77	64,75	54,84	73,93	68,96	79,80	71,70	42,61	63,87	63,52	53,62	40,20	49,49	16,87	17,25	4,52	2,14	2,35	5,01	8,38	16,31	5,93	14,31	18,91	10,43	15,47	27,32	24,38	25,35	16,71	28,08	35,62	34,21	60,19	49,44	44,48	34,28	59,69	27,56	55,89	50,90	82,85	33,72	63,32	23,95	13,85	18,23	13,76	13,51	17,07	19,87	66,36	76,96	65,04	12,96	21,57	11,46	64,67	45,82	47,54	48,39	42,16	58,46	14,99	16,33	7,87	1,96	1,40	4,69	3,45	16,83	8,86	13,45	23,73	15,40	16,65	16,76	19,67	13,30	11,56	27,48	31,57	49,46	29,32	18,02	64,54	61,25	66,21	61,76	62,31	30,45	49,29	49,94	35,86	31,29	20,55	28,81	21,99	18,65	16,06	18,75	62,84	81,57	67,78	57,46	62,35	63,09	43,89	50,88	47,67	43,57	49,05	52,68	9,49	8,96	0,95	0,90	0,93	1,14	5,51	17,05	8,58	6,95	27,44	11,78	16,73	26,79	30,62	13,72	18,07	34,23	35,43	47,35	50,26	53,17	41,96	35,13	55,98	62,28	74,86	44,81	53,26	61,45	66,11	61,74	24,45	22,97	19,82	18,78	17,41	17,74	56,99	84,65	68,10	60,18	66,60	68,09	41,10	41,17	31,40	30,14	36,14	61,97	9,68	9,38	1,58	2,02	1,06	1,13	4,37	72,39	9,23	18,46	15,16	15,92	12,50	14,28	26,64	15,43	21,05	19,19	22,99	30,08	30,96	39,90	45,35	42,04	51,25	48,87	75,33	39,34	36,22	47,36	48,41	50,58	46,04	75,53	55,87	43,48	53,54	45,00	36,07	77,29	60,59	19,74	14,39	11,52	40,46	20,84	38,45	44,19	37,47	54,94	9,57	10,40	3,03	1,17	0,80	1,13	1,06	4,89	4,12	8,13	24,23	10,50	14,83	21,39	40,93	9,73	13,29	28,03	53,84	53,38	52,36	25,54	26,12	33,70	55,32	59,11	64,54	41,56	29,42	44,66	41,76	30,21	47,71	76,83	68,11	64,24	47,96	44,84	60,89	75,13	83,25	67,28	58,91	72,22	42,68	35,83	42,06	51,33	47,61	61,02	14,33	14,53	2,42	2,07	2,25	1,28	7,89	12,68	20,66	24,49	24,69	19,66	9,93	19,23	19,52	13,51	14,79	23,55	42,38
-2,00	57,00	16,92	36,42	34,00	85,92	94,84	95,70	92,18	93,93	88,04	94,59	95,05	93,36	97,21	95,58	92,88	93,43	91,67	89,90	87,79	52,64	63,10	99,43	82,57	60,30	90,84	92,90	92,61	87,32	81,79	80,15	93,09	42,44	39,82	45,48	12,02	16,38	7,21	27,23	11,41	11,75	11,10	14,88	21,71	11,10	13,06	9,60	30,30	27,94	27,82	45,46	41,70	50,44	68,22	77,70	59,86	62,09	78,42	81,31	76,58	72,52	82,75	65,70	36,11	73,26	26,38	92,81	88,82	85,79	81,86	89,15	85,85	68,83	77,87	55,62	90,37	53,90	51,12	29,42	44,51	20,22	72,48	61,42	24,59	11,34	9,76	14,75	2,93	18,88	27,52	12,74	6,02	11,78	24,82	31,45	18,22	9,26	23,08	30,51	32,94	44,74	36,83	43,35	53,13	60,04	45,55	63,06	62,23	82,03	47,05	86,82	76,75	76,01	74,57	78,76	26,87	79,64	92,44	84,05	75,17	74,78	57,44	83,52	66,37	53,19	56,92	52,46	49,65	26,73	77,31	75,02	42,15	31,39	43,26	61,41	4,42	17,65	4,29	21,71	5,10	10,39	17,27	11,19	27,91	15,35	39,80	9,54	22,90	35,72	5,10	50,26	37,50	34,60	47,27	53,15	49,15	63,98	62,66	79,40	75,06	40,90	48,80	69,86	67,09	64,33	33,46	64,46	81,70	84,20	62,74	78,73	64,40	39,34	42,73	39,90	30,99	38,61	38,04	25,81	75,16	70,08	46,36	64,63	25,04	25,44	9,66	10,99	9,63	20,20	3,50	10,94	6,70	6,84	9,98	21,76	13,58	13,54	30,22	10,31	33,02	36,45	42,88	50,93	43,55	54,80	8,48	8,92	21,10	21,94	20,79	24,17	72,96	70,63	84,36	72,35	22,49	82,12	45,46	79,56	76,31	77,28	67,94	53,02	41,63	41,92	52,07	42,77	39,01	17,36	67,71	60,41	42,30	43,73	16,45	26,36	8,86	13,77	4,62	26,74	5,99	11,72	9,22	11,90	4,52	21,86	13,66	14,54	39,14	22,28	23,88	24,03	7,24	34,07	59,86	49,13	36,77	29,35	10,36	19,30	11,97	12,00	30,21	27,09	80,76	75,67	26,00	71,51	81,65	56,51	76,80	71,51	47,21	73,42	37,15	58,46	81,93	27,45	26,35	28,16	62,19	60,42	70,20	57,25	65,57	72,66	2,23	19,35	2,16	11,83	3,80	7,10	8,63	13,82	5,23	10,08	11,42	12,12	39,48	22,50	5,09	26,95	62,32	48,72	29,15	67,21	36,78	8,80	13,51	20,15	8,25	13,01	27,04	75,82	68,95	54,81	26,71	80,33	91,28	85,09	64,15	68,31	70,56	58,95	58,45	61,08	52,30	42,51	41,68	23,68	61,87	53,36	45,78	42,16	42,96	61,26	6,03	11,01	2,87	27,02	4,16	38,28	9,01	4,40	14,83	12,58	18,92	22,24	52,57	33,70	31,17	26,56	22,43	38,40	39,63	59,37	50,06	52,22	68,21	76,24	47,42	57,87	68,30	75,24	84,23	86,72	38,39	81,15	86,35	80,74	43,73	63,76	53,09	63,40	56,26	56,51	77,60	55,23	54,90	66,64	68,21	58,09	59,14	45,29	23,22	16,56	2,82	12,13	4,02	16,98	3,93	14,42	2,73	17,74	37,16	10,26	12,53	8,89	21,69	27,18	32,89	30,89	5,49	39,69	42,87	55,09	40,77	59,27	22,66	20,83	20,29	19,34	35,50	76,91	80,93	75,25	24,99	61,85	71,36	82,81	69,37	73,52	53,87	64,72	71,19	73,06	83,43	47,16	41,65	26,02	59,19	51,17	48,36	40,54	21,14	20,74	4,66	11,22	3,10	13,34	3,43	10,26	16,79	20,80	15,31	10,43	11,06	16,17	29,40	44,06	35,17	25,95	49,23	55,92	53,08	61,83	41,02	59,85	16,40	29,96	15,88	20,96	28,33	65,49	83,96	67,71	21,31	57,52	76,78	79,40	75,98	70,20	75,18	61,41	80,89	31,94	81,56	75,06	72,42	73,57	70,82	64,98	47,08	47,21	21,21	15,75	7,20	7,13	3,34	22,46	4,13	10,90	8,33	11,13	18,47	11,92	11,86	6,91	7,76	21,48	28,54	38,22	30,52	41,37	29,64	50,33	45,45	57,11	24,88	33,55	8,33	24,12	71,15	65,71	69,43	75,35	86,03	77,41	86,34	74,76	79,22	59,65	63,66	64,53	39,36	33,55	46,50	56,07	37,58	73,71	71,33	65,70	53,01	73,99	22,01	25,64	5,74	4,20	1,88	23,41	4,69	8,73	4,58	6,21	11,67	10,23	10,29	10,12	37,44	11,60	25,87	24,56	19,78	43,57	49,97	69,39	60,20	18,18	24,11	32,07	18,66	24,39	73,17	65,06	81,87	56,00	23,56	73,51	85,57	79,38	76,43	75,69	71,93	72,99	67,41	72,92	79,27	46,05	41,91	25,95	62,23	62,77	33,68	19,32	43,63	55,20	3,22	15,26	4,41	20,36	7,78	7,93	4,08	5,48	14,16	11,89	11,42	8,64	16,38	17,76	5,74	6,99	51,50	35,75	44,52	58,93	36,21	18,37	29,20	17,27	12,12	10,88	26,58	61,72	80,02	66,20	26,21	61,03	75,99	66,84	70,61	63,93	50,20	53,62	75,92	54,84	73,51	78,27	82,85	71,44	73,79	62,97	33,68	39,43	44,41	56,29	3,07	6,00	2,58	17,87	5,30	18,98	3,25	6,92	13,86	5,19	14,68	12,85	41,60	12,39	33,34	43,94	51,40	38,74	20,96	58,39	66,82	24,76	24,42	29,78	17,28	25,10	75,44	69,75	74,92	58,89	25,02	63,36	64,17	87,01	69,03	73,29	68,17	77,92	80,65	69,81	78,44	48,19	47,12	51,94	67,31	60,31	44,32	43,57	19,94	24,76	7,18	10,04	2,59	4,08	7,10	11,60	6,31	17,30	19,98	17,93	15,49	7,16	33,18	29,23	31,33	37,77	21,30	38,63	50,45	58,72	35,99	45,17	25,99	29,70	19,07	20,19	25,71	57,14	70,97	76,06	29,09	70,59	84,99	82,16	70,40	75,67	77,02	72,25	72,86	67,20	76,01	58,96	46,90	34,82	73,35	72,66	58,13	49,85	19,49	26,00	8,13	10,52	3,71	18,29	3,69	8,76	5,66	5,24	20,18	13,64	11,57	10,25	26,72	41,19	26,36	33,56	28,33	37,65	46,72	57,07	49,28	21,38	16,05	19,65	12,96	11,53	21,42	75,12	75,57	79,77	26,02	76,75	82,46	66,93	64,72	64,22	50,59	68,46	58,30	59,03	77,87	44,29	50,19	27,92	61,28	53,36	46,23	36,62	21,00	26,20	9,42	14,54	3,73	17,96	3,90	10,14	5,05	7,84	13,01	11,29	20,05	6,81	30,78	31,88	31,56	34,41	34,26	47,65	57,43	34,58	59,74	69,56	18,52	30,01	18,86	21,59	25,28	71,39	79,80	63,48	65,09	64,96	77,84	75,14	62,64	78,19	74,62	35,83	36,80	72,11	75,71	75,37	72,34	71,32	56,10	66,64	60,32	58,54	44,93	40,38	8,27	12,66	3,79	29,87	6,90	8,24	7,79	10,76	15,55	22,44	16,62	6,86	27,49	11,21	9,08	13,80	32,54	32,45	58,09	54,71	46,91	66,87	19,99	23,77	17,76	12,85	29,09	81,47	84,89	72,16	27,86	57,02	77,19	69,74	74,93	78,78	52,36	78,85	70,37	83,65	79,75	74,53	48,03	75,60	34,07	40,21	44,24	36,10	21,45	26,38	7,74	11,83	5,73	14,35	4,07	10,41	7,92	9,43	11,49	10,14	24,04	11,46	39,47	23,47	37,97	26,66	25,44	35,59	49,44	21,46	13,88	33,97	65,11	81,89	47,45	62,69	66,29	66,44	78,30	68,12	23,26	56,42	53,31	76,76	74,94	67,32	51,47	66,50	39,59	38,44	59,49	37,66	32,96	22,08	69,73	46,42	31,18	37,79	21,94	26,91	2,56	9,28	7,45	27,76	6,30	8,59	8,99	7,62	13,06	12,77	16,61	7,36	20,67	24,28	4,65	21,83	53,30	37,97	54,12	52,80	21,49	47,35	67,68	76,21	46,86	67,12	79,16	55,37	65,53	59,30	25,52	81,72	87,20	67,11	50,07	74,01	76,09	53,45	59,49	60,81	69,90	68,64	64,86	68,18	72,46	35,76	37,90	39,61	45,50	67,13	7,97	8,14	3,54	25,89	2,44	15,91	27,56	8,58	11,98	13,41	12,92	6,21	27,90	35,92	34,33	28,47	28,30
-1,00	50,64	87,58	45,23	34,15	76,07	23,06	22,24	93,87	97,43	74,77	67,38	87,53	93,74	96,13	97,09	94,38	89,25	96,34	88,96	96,63	84,06	80,29	98,15	96,54	87,16	90,86	96,94	97,77	88,61	57,87	47,24	94,39	44,31	49,31	68,56	2,77	12,11	6,54	14,17	17,02	13,11	10,40	36,80	28,55	21,48	15,37	34,61	6,43	5,26	6,79	6,56	40,99	69,03	45,33	62,94	54,83	54,75	82,03	81,41	81,84	85,80	73,87	27,71	45,85	76,86	80,21	77,79	84,66	43,00	31,10	30,82	15,57	39,78	39,45	56,10	92,76	94,57	91,91	90,36	76,17	62,79	76,93	43,42	16,86	15,09	4,99	7,85	10,07	23,85	10,82	14,12	6,87	19,32	26,38	12,70	22,04	59,52	6,64	5,26	7,08	6,58	39,43	41,79	39,21	55,12	66,71	64,07	80,87	76,43	76,90	80,65	80,51	79,00	80,06	78,07	85,03	84,67	80,27	39,83	31,13	21,98	20,31	36,67	35,08	55,93	84,69	91,88	93,60	87,53	70,07	67,62	70,89	39,55	17,47	14,70	0,87	15,59	4,38	7,07	11,60	4,43	6,37	14,10	24,50	27,34	14,95	24,67	6,70	5,34	44,02	52,06	54,63	43,98	51,61	58,87	56,46	57,43	68,73	81,52	62,63	78,16	71,05	66,18	76,25	72,34	82,44	63,29	75,62	42,69	30,91	20,70	17,01	22,84	33,87	51,54	76,83	82,42	70,60	79,55	72,47	69,15	63,38	39,10	18,67	19,43	2,66	7,85	2,65	11,42	9,84	10,50	8,34	14,52	23,87	18,05	10,75	19,87	6,11	5,99	7,54	6,29	28,24	49,36	36,65	48,81	52,85	58,28	54,93	71,60	74,11	65,35	66,89	79,28	82,70	77,68	75,38	66,76	71,23	32,29	29,87	21,99	35,94	21,00	33,25	53,69	87,64	89,98	90,85	82,70	55,83	61,69	66,21	66,59	15,57	15,45	0,65	3,16	4,79	7,84	4,88	7,52	6,99	9,05	2,60	27,11	8,54	13,33	6,06	5,52	19,22	7,17	7,08	19,55	45,66	50,96	67,47	53,56	51,66	48,22	76,08	72,72	68,27	81,45	87,15	72,80	79,14	64,71	87,78	40,45	23,43	21,40	21,01	29,05	32,28	26,64	54,76	80,91	80,06	80,20	59,50	67,47	71,85	64,26	20,97	19,06	0,97	7,99	3,11	4,94	14,63	6,47	6,45	22,17	10,21	24,40	21,27	27,24	6,28	8,28	23,78	29,51	35,29	38,65	43,19	51,46	49,39	11,12	81,94	76,76	29,73	73,22	54,60	71,98	75,10	72,21	76,70	73,67	77,41	48,52	30,05	21,97	16,93	26,97	32,99	53,95	88,15	65,88	66,29	74,12	46,50	55,35	69,64	73,08	18,72	15,90	0,87	8,96	3,10	5,21	26,77	13,27	7,11	14,86	19,04	18,01	13,62	19,76	16,04	5,53	11,78	8,96	34,29	41,87	40,43	41,56	49,79	55,73	57,93	61,67	70,14	49,71	49,62	67,00	71,18	70,40	71,16	78,25	84,51	42,22	29,74	17,62	19,97	64,41	62,62	75,53	78,85	80,29	70,82	64,52	58,16	68,57	70,35	50,39	16,76	16,78	2,21	8,55	5,40	13,19	11,75	13,73	3,57	6,87	27,51	25,71	11,68	25,50	6,08	5,35	6,82	4,57	26,62	32,16	42,34	41,28	55,33	45,79	54,63	63,40	59,42	63,27	66,19	71,84	78,86	19,22	75,10	75,34	69,05	30,43	31,32	19,97	19,45	28,19	29,28	55,05	86,07	84,37	85,96	84,12	66,51	52,04	57,43	49,04	15,46	12,36	0,59	3,49	5,07	10,08	8,57	11,28	5,51	15,35	23,54	13,79	12,02	25,04	7,43	5,20	8,45	5,99	30,30	39,38	46,90	46,48	51,98	65,47	65,67	45,41	62,75	76,62	74,80	74,72	86,31	78,51	67,03	53,02	35,82	30,30	28,24	20,66	20,43	76,02	64,41	50,98	77,08	62,42	76,98	77,92	57,00	62,01	70,59	44,01	15,98	10,56	0,79	1,26	3,59	9,26	7,43	7,19	8,41	16,07	11,89	21,14	12,95	8,20	6,46	5,22	7,00	6,26	18,62	40,53	39,53	30,39	31,67	51,34	80,62	77,29	70,08	72,15	75,35	77,45	67,70	65,22	64,76	66,77	76,59	86,59	73,81	77,94	43,00	39,56	51,76	64,73	69,38	30,72	60,15	71,99	56,26	62,67	65,08	58,89	19,51	14,98	0,65	2,01	3,49	8,61	10,01	9,57	7,57	6,66	24,21	16,24	11,57	30,52	6,47	5,25	6,13	5,29	31,82	34,70	39,80	50,85	55,43	64,58	61,74	67,89	70,82	69,74	68,37	78,34	81,22	41,82	60,47	62,10	60,15	74,33	86,20	77,77	70,02	33,41	33,83	51,95	73,01	88,77	80,77	63,61	54,03	67,25	31,87	42,88	14,22	15,72	1,70	2,75	1,30	11,46	7,63	12,10	9,39	15,76	20,77	17,84	14,63	20,27	6,04	5,02	7,24	6,32	25,87	47,24	46,14	50,18	65,78	34,41	57,68	72,25	67,46	31,25	65,21	78,05	80,32	72,14	69,09	67,63	59,65	43,39	20,82	20,33	19,92	62,85	76,32	76,25	51,62	62,32	79,64	91,54	69,31	55,82	61,83	45,38	15,81	13,90	0,79	3,09	3,68	11,89	6,71	5,81	5,42	8,51	21,34	25,19	11,06	24,72	6,50	5,41	7,51	7,01	25,54	42,21	50,17	53,26	54,83	48,91	67,13	64,09	58,41	67,43	60,64	77,88	85,33	76,92	82,62	73,26	76,88	36,67	24,35	19,86	13,30	38,21	33,00	51,25	26,16	34,06	33,51	82,52	27,74	60,98	71,00	47,88	17,64	13,72	1,80	3,12	2,35	10,61	10,48	4,64	10,47	9,64	20,02	18,82	9,38	5,93	5,46	8,18	7,57	6,31	17,09	54,76	50,35	58,81	60,52	46,48	53,02	71,94	74,46	73,63	61,79	68,54	83,08	76,27	70,23	64,55	67,92	42,71	30,58	23,52	20,95	76,40	57,04	55,23	67,22	92,32	92,31	85,96	72,78	64,90	70,86	51,17	18,88	17,33	0,95	3,41	3,49	8,33	10,35	13,62	8,10	13,19	16,36	9,44	15,95	5,15	6,20	6,16	7,57	6,47	40,30	40,06	40,93	55,01	54,08	66,15	62,77	68,25	68,94	49,69	57,98	80,75	79,66	64,88	61,56	61,21	72,80	41,22	29,99	21,44	19,19	36,66	33,63	49,33	81,37	80,91	85,91	87,88	71,60	61,11	51,18	56,98	57,52	48,06	1,24	3,49	3,69	14,68	8,00	13,06	7,94	10,86	16,01	27,53	31,46	24,57	32,37	23,80	29,22	28,34	33,38	55,61	51,47	25,40	44,99	54,26	73,21	50,91	67,32	61,23	68,30	81,14	82,51	66,38	62,92	69,92	70,95	77,57	75,87	59,09	51,12	38,02	63,07	78,05	76,68	89,35	93,59	87,40	65,12	63,08	54,93	39,04	17,52	17,01	0,78	4,39	4,86	9,64	26,00	13,56	8,26	15,48	17,83	21,61	17,16	25,92	5,59	4,85	7,01	5,79	24,62	39,87	40,33	57,11	59,10	70,71	68,40	70,96	72,21	69,94	68,21	76,22	80,54	81,57	77,64	73,11	72,00	39,08	23,06	22,97	21,05	57,62	76,34	71,26	81,08	56,79	68,53	69,30	58,26	19,93	20,59	43,29	15,59	15,16	0,64	3,55	4,68	11,82	12,67	8,58	8,83	14,83	24,66	24,93	13,53	28,33	6,73	7,15	7,12	6,14	25,99	47,62	43,53	48,66	57,93	17,60	32,97	69,20	80,90	68,17	67,75	63,16	86,22	73,02	58,61	30,61	44,67	28,50	27,92	18,17	16,70	13,83	20,17	50,92	79,69	68,91	83,20	77,67	48,95	57,93	61,34	42,26	19,71	14,90	0,65	1,36	4,49	6,06	9,33	17,87	19,41	8,20	20,95	12,18	4,42	20,77	23,04	4,75	29,96	31,17	37,86	38,32	42,92	42,90	44,95	39,44	73,00	79,79	74,83	70,86	75,65	75,73	86,44	63,95	69,39	64,72	75,13	31,66	27,92	22,04	20,58	80,38	65,89	76,91	75,51	85,30	82,35	87,72	66,96	41,56	70,50	45,31	15,51	13,89	1,55	9,69	4,97	7,83	8,00	3,76	14,10	16,01	26,23	23,16	20,61	26,81	7,61	4,85	7,66	6,14	34,60
0,00	88,57	73,53	41,35	44,57	74,53	98,13	99,16	98,58	70,47	91,02	61,86	87,16	91,26	96,67	59,57	81,85	98,62	96,65	97,11	86,54	99,00	62,25	85,36	89,92	97,22	94,46	85,20	93,69	71,33	90,40	84,62	46,92	86,67	66,35	77,59	3,94	8,08	3,39	8,09	5,42	7,73	11,61	14,79	14,76	31,94	23,79	23,25	29,93	37,30	24,24	45,35	27,84	51,69	71,54	48,90	64,00	67,72	77,75	79,27	75,31	80,46	82,58	79,70	39,06	36,53	81,68	91,70	87,51	86,10	81,14	83,95	72,52	22,42	36,20	19,36	18,54	14,26	71,95	80,17	78,89	54,13	25,68	76,59	66,03	41,60	4,05	5,44	6,25	6,30	1,94	1,78	7,91	12,61	23,55	15,99	19,26	20,27	18,38	40,71	32,43	35,34	32,31	36,76	55,02	59,77	68,25	15,09	76,31	76,79	75,54	75,41	78,66	81,89	81,58	72,58	84,53	64,47	84,27	78,30	78,91	69,02	68,21	20,39	28,83	29,33	25,80	22,37	69,64	55,72	73,67	66,81	69,00	71,54	59,40	49,92	5,41	9,47	2,43	3,25	5,33	5,44	5,56	13,53	5,76	7,40	12,01	11,15	25,48	38,29	33,11	36,21	25,18	35,26	62,99	51,24	64,11	60,64	71,25	70,38	76,47	74,63	64,83	54,17	83,04	38,69	83,44	87,84	84,82	81,70	64,61	81,87	70,00	27,41	24,63	25,15	39,83	18,03	77,99	56,52	75,22	65,79	58,59	72,28	60,59	75,34	4,77	6,50	9,38	9,90	5,89	10,76	13,26	10,38	14,72	21,19	19,17	26,76	26,00	33,04	25,72	23,67	20,67	30,37	43,58	34,19	39,98	58,12	59,65	59,96	75,21	77,78	75,45	74,13	76,33	63,84	80,91	62,67	83,70	60,81	74,22	70,38	83,87	18,32	24,86	25,68	18,45	18,15	71,77	55,11	58,46	39,05	58,71	61,07	64,65	30,82	4,99	4,26	3,30	4,34	5,39	6,93	4,58	6,93	7,93	9,16	9,95	8,69	24,78	41,17	37,07	37,61	9,43	17,62	20,02	16,53	46,75	68,23	77,17	43,56	72,90	73,50	78,99	77,75	80,72	55,93	65,87	60,29	71,13	80,65	73,51	66,99	71,98	14,87	26,91	29,57	26,10	17,77	76,36	64,67	61,87	53,39	75,99	66,42	54,28	53,12	5,11	3,69	3,33	3,14	5,98	3,84	9,62	6,41	11,54	10,05	8,01	18,19	27,21	43,84	45,37	38,58	33,97	45,76	45,21	34,95	11,16	55,42	66,99	75,01	75,73	22,11	78,38	78,05	67,24	76,33	69,30	63,97	74,16	73,89	72,79	75,86	66,36	19,12	28,70	32,27	26,09	13,52	61,50	71,60	65,19	53,06	38,90	40,19	25,88	58,22	3,64	1,55	1,65	27,52	5,38	3,17	4,50	6,23	12,31	21,30	21,84	16,58	21,04	36,44	22,77	31,57	33,05	34,06	44,82	32,23	41,55	54,64	58,63	48,76	50,22	73,71	73,03	71,98	67,71	63,39	76,73	80,72	71,54	67,51	79,05	46,54	77,64	19,49	28,35	33,18	41,44	18,16	59,57	44,59	57,66	60,98	52,55	52,20	65,31	72,00	4,20	4,08	3,30	5,48	5,04	5,66	13,05	12,14	14,44	21,76	14,21	19,68	25,13	33,15	25,54	36,04	27,30	31,17	38,92	26,57	31,55	57,77	69,61	70,81	76,00	92,96	72,90	64,59	62,14	31,22	71,31	82,36	82,84	77,66	76,73	77,02	73,30	20,57	25,12	26,25	17,39	18,22	60,94	53,71	46,49	54,55	59,82	43,87	72,26	28,72	3,73	3,28	2,44	3,69	3,04	4,81	4,73	14,40	5,49	13,17	10,09	20,78	27,04	46,25	21,62	26,97	23,45	38,28	44,61	31,79	38,10	55,92	48,00	47,52	55,43	66,43	59,37	72,42	78,83	78,46	81,05	55,17	83,44	67,48	54,89	73,89	65,95	19,21	23,13	21,12	22,05	13,65	44,42	53,30	55,82	59,59	53,45	57,12	54,39	60,47	2,90	1,79	2,58	5,15	5,41	5,99	10,16	3,15	2,45	3,88	5,46	10,78	15,75	31,69	28,41	17,15	21,95	40,10	63,12	49,80	49,22	36,70	59,99	67,24	65,55	73,29	75,52	69,98	75,23	74,54	74,30	64,18	76,95	71,03	81,13	71,13	66,08	64,01	81,55	65,89	77,95	34,41	62,05	57,93	69,28	53,73	59,74	49,13	49,15	44,05	2,26	3,29	2,88	5,70	5,67	5,02	6,19	7,34	7,42	11,06	15,01	7,57	8,82	43,46	28,76	75,65	25,45	43,65	39,85	33,03	41,32	43,86	76,96	60,59	73,53	69,96	74,09	77,74	71,40	64,92	41,29	33,31	74,12	72,73	80,08	76,67	72,01	60,69	81,26	84,59	75,45	46,70	67,33	73,02	55,78	68,50	53,02	56,88	46,18	46,70	3,86	3,93	1,47	3,08	6,57	5,69	6,22	6,69	6,28	11,72	7,49	9,45	21,78	37,47	21,60	20,45	16,80	29,10	35,71	39,40	47,83	61,84	73,86	73,47	64,10	72,19	73,36	63,14	62,02	17,42	78,17	83,38	80,77	60,43	75,43	74,43	53,23	20,61	21,03	17,53	17,99	31,66	19,90	70,35	67,11	68,20	52,78	54,38	52,64	53,74	4,92	3,85	6,11	12,33	3,92	6,18	4,99	7,20	6,98	11,39	15,65	21,75	20,07	38,49	32,52	30,18	24,20	8,84	59,22	52,94	57,03	55,76	67,25	61,08	62,36	70,32	65,72	69,49	77,71	76,53	70,35	83,25	78,51	76,45	80,30	80,52	24,04	19,61	33,60	37,58	25,95	17,28	34,06	41,80	65,49	56,02	69,74	69,49	64,87	51,10	4,04	3,15	3,21	5,25	5,23	5,66	4,68	6,03	9,23	16,81	12,12	15,77	5,26	7,11	29,04	29,16	23,57	36,35	45,85	40,70	49,72	80,49	59,73	55,00	76,30	56,98	47,52	53,75	48,90	64,19	74,45	62,11	81,69	71,79	75,30	80,95	73,05	18,59	27,15	32,85	30,54	28,03	40,04	64,32	67,08	59,49	72,68	62,25	61,52	49,49	4,53	3,97	3,00	5,09	4,59	4,21	8,59	11,92	21,32	12,39	14,39	19,87	20,59	36,34	33,84	43,73	28,12	43,54	65,11	45,74	58,49	69,52	57,40	69,92	40,70	67,17	66,50	75,00	90,90	57,52	34,05	85,35	37,20	63,90	82,68	75,55	66,78	19,89	29,29	32,08	25,36	17,15	58,77	52,06	67,52	53,66	73,70	65,02	69,72	64,51	32,23	3,49	4,00	4,09	3,88	5,63	8,67	12,27	26,15	20,52	49,34	47,30	20,65	37,58	24,32	15,62	15,68	23,86	48,28	51,18	67,89	59,74	58,69	73,87	63,50	72,81	38,85	72,34	71,48	69,18	77,92	60,30	78,54	57,91	76,85	79,18	71,07	63,79	33,61	86,77	72,62	68,60	73,61	61,15	60,86	61,83	48,57	60,83	54,10	57,66	4,54	4,14	3,48	3,97	14,16	6,17	8,16	11,56	13,20	15,63	10,57	11,85	24,24	40,83	32,97	33,94	24,98	54,06	46,19	40,47	53,97	59,47	50,98	73,51	74,84	69,44	66,47	74,55	77,01	70,77	80,24	79,52	73,45	72,38	78,23	84,19	74,01	18,16	27,94	30,88	25,30	16,95	59,32	52,17	53,58	52,62	14,21	17,26	50,04	67,38	5,21	4,76	3,41	9,87	3,78	4,66	6,32	6,78	9,19	13,82	16,99	19,33	28,88	51,16	28,22	26,49	17,97	42,75	45,73	33,21	38,27	56,54	75,86	43,75	80,55	74,94	77,47	73,06	70,92	69,18	62,67	68,90	82,37	66,51	70,81	71,58	28,42	16,19	21,03	26,45	18,57	17,79	64,63	57,17	55,21	70,59	50,44	43,45	55,97	54,20	6,79	2,87	3,17	4,89	4,98	5,52	7,58	8,15	12,29	11,46	16,72	11,76	31,02	25,92	19,06	23,26	37,40	32,67	61,15	60,27	63,72	62,81	58,38	73,39	64,07	74,18	71,47	69,77	84,78	61,93	78,66	60,50	67,65	75,43	78,84	77,48	56,54	19,80	25,53	26,12	18,13	17,28	41,14	59,25	73,10	67,95	52,08	53,23	58,75	53,86	6,09	8,20	5,84	5,92	1,62	13,94	12,17	35,61	11,36	11,51	6,73	4,77	22,33	52,18	18,57	34,33	28,35
1,00	93,66	83,63	87,84	39,88	87,97	63,11	92,39	56,43	95,24	86,54	97,70	87,92	96,23	91,11	95,98	94,30	80,99	84,32	66,26	88,35	78,93	70,40	93,46	65,80	63,26	81,84	97,36	98,34	92,57	64,08	80,31	47,42	98,58	83,74	68,56	2,89	8,16	4,00	5,33	9,18	13,25	14,90	24,43	18,97	25,80	23,80	31,93	33,29	34,66	37,24	38,08	45,45	59,15	51,83	61,34	32,29	80,47	65,08	74,65	79,51	80,05	73,01	87,31	89,08	77,88	79,16	79,14	76,65	66,56	74,73	79,37	60,59	38,73	35,70	35,90	33,82	90,43	41,45	42,67	16,18	14,38	58,90	52,71	37,99	50,09	3,47	8,17	12,02	19,10	20,24	15,62	7,18	4,88	12,30	19,75	15,85	36,16	26,20	28,79	20,82	30,67	31,14	56,58	53,97	62,33	54,19	15,18	17,86	20,00	26,57	73,34	68,97	84,32	60,42	52,47	87,50	75,05	82,72	83,28	74,57	66,42	40,94	32,91	32,84	36,38	81,74	89,82	48,23	46,26	14,52	14,11	67,88	50,06	35,43	43,85	3,09	3,63	8,18	6,13	8,97	12,41	7,62	14,68	33,16	12,67	10,80	11,19	21,42	21,85	27,72	3,12	5,67	8,99	9,00	11,27	52,61	19,48	9,38	10,23	14,26	17,93	71,67	84,34	76,31	67,41	41,16	70,19	81,93	81,22	82,75	75,82	46,75	27,67	38,11	47,19	57,34	91,61	48,33	46,84	14,48	14,41	56,69	50,86	35,87	41,37	3,76	2,77	3,62	16,73	11,04	14,06	6,57	13,51	10,93	28,59	12,27	32,17	28,22	15,06	18,18	4,64	5,48	9,14	7,96	11,59	55,45	13,67	8,88	10,09	18,11	18,26	68,59	79,27	62,50	52,89	82,16	82,20	84,48	70,50	77,17	46,74	48,60	41,60	44,04	67,06	69,77	87,69	44,65	46,55	14,25	26,05	62,27	45,71	31,60	48,87	3,03	6,35	2,54	10,51	11,60	11,05	8,91	10,14	4,15	23,34	46,68	21,10	21,36	10,50	23,09	10,90	31,88	19,20	34,11	62,81	55,75	40,14	34,04	66,76	66,32	68,61	68,03	77,50	49,57	40,24	71,10	79,07	82,38	76,47	74,03	58,67	44,52	25,27	32,54	33,29	71,77	82,24	41,38	40,98	14,08	13,21	55,75	42,35	32,43	47,27	2,87	5,86	3,62	5,11	6,32	10,38	7,12	13,60	13,80	21,90	8,34	11,27	17,53	35,51	32,67	8,40	9,59	13,41	9,11	8,89	11,20	13,84	12,95	9,89	13,70	11,33	74,05	82,33	74,25	61,08	73,06	70,73	66,24	70,51	71,79	76,08	37,80	29,38	36,52	31,43	68,07	59,28	47,34	46,66	13,87	13,60	64,16	71,51	22,46	59,33	7,41	7,79	22,99	1,99	2,12	8,64	12,22	12,71	5,93	10,72	13,29	18,82	23,75	31,50	27,96	4,32	5,06	8,93	7,00	9,43	28,58	13,91	8,92	10,05	15,55	18,15	68,26	71,91	73,32	75,96	77,48	66,73	69,40	67,82	64,48	68,07	41,72	44,90	71,81	50,33	88,44	88,60	44,59	43,99	14,81	10,60	57,08	47,45	32,36	43,34	3,22	8,54	3,29	4,71	8,01	18,26	9,86	20,72	41,75	45,97	20,63	23,39	38,85	15,65	18,95	17,69	23,35	32,39	23,48	57,65	59,36	13,98	16,39	18,01	28,02	58,09	62,22	83,28	76,50	77,57	71,39	68,35	74,94	74,39	71,65	70,73	59,31	74,15	67,51	70,53	64,31	66,36	27,19	25,65	13,74	12,99	22,41	34,44	36,51	37,13	3,45	8,10	3,43	9,11	8,51	14,52	15,77	19,58	11,91	12,16	9,59	15,40	22,07	15,22	20,85	5,48	4,69	8,14	9,52	10,39	48,42	13,45	12,07	9,40	14,29	18,57	68,06	80,69	60,35	48,82	73,18	64,30	72,45	48,69	52,35	73,24	40,23	27,06	33,55	34,66	51,87	42,47	39,34	41,17	11,76	13,71	63,06	41,94	35,89	50,85	1,85	3,86	2,59	7,90	10,17	4,79	7,45	15,73	14,12	15,43	2,01	29,25	22,55	17,01	17,88	4,32	5,52	14,13	8,15	11,50	58,92	14,68	8,05	10,11	15,46	19,81	56,07	75,89	50,92	49,11	73,49	61,31	81,83	63,65	66,01	73,80	53,86	73,93	67,82	69,32	35,30	88,23	90,83	87,96	56,56	50,00	66,37	39,76	28,86	36,47	2,61	8,41	3,08	8,16	7,65	13,80	7,12	13,15	14,46	16,39	70,78	8,85	7,21	13,72	8,11	8,39	21,46	24,11	23,03	44,26	38,65	13,14	15,74	19,29	26,43	74,41	63,98	71,07	61,42	49,78	69,06	37,33	65,48	64,50	76,53	56,80	61,14	68,83	64,36	67,79	53,60	88,13	80,35	91,12	59,02	67,62	16,41	22,21	37,65	27,80	2,26	6,21	5,07	2,33	12,47	10,52	7,23	15,66	11,29	18,50	9,90	16,72	21,46	16,61	18,58	6,36	4,19	16,04	7,22	7,21	48,90	48,46	14,87	16,66	15,29	18,47	67,62	79,06	77,78	74,09	72,14	65,92	20,77	70,41	82,05	57,64	38,35	49,80	72,85	76,01	69,12	89,76	46,54	45,36	13,99	13,25	68,18	49,41	35,81	45,35	2,69	6,45	3,99	4,76	13,05	11,53	3,56	17,98	9,39	14,60	8,88	15,00	19,18	16,97	18,51	3,13	5,57	8,84	8,25	10,23	54,65	14,48	9,03	10,09	14,15	17,94	71,21	74,13	81,75	66,98	66,33	68,84	79,96	77,82	75,84	85,14	21,96	36,90	33,89	30,92	78,23	87,64	28,14	19,37	14,44	26,33	55,49	42,85	26,71	21,27	1,92	7,58	3,45	4,78	6,45	14,02	12,85	18,92	12,24	13,87	7,34	19,88	20,00	6,35	7,89	4,87	5,37	9,06	7,78	11,84	27,77	48,83	13,97	12,63	18,14	19,80	73,44	68,31	52,67	38,29	71,90	60,97	76,33	76,03	56,63	71,31	54,70	73,16	75,15	77,80	62,62	89,84	36,20	41,44	14,31	14,15	64,75	50,76	34,99	36,45	2,74	8,65	3,37	8,56	2,74	5,66	7,52	21,17	12,25	13,82	62,62	27,19	36,37	33,29	33,14	4,86	5,53	9,07	7,96	10,74	59,27	54,01	15,02	16,05	21,77	18,45	68,26	77,43	51,79	42,90	55,06	71,88	57,53	67,99	69,60	72,48	57,85	41,70	37,22	34,17	74,00	56,50	29,04	27,53	14,58	14,43	48,76	59,17	63,81	77,54	2,86	9,29	11,39	2,83	6,53	14,35	16,64	16,96	15,41	23,74	16,12	28,74	31,79	16,56	21,91	34,16	29,29	57,07	53,62	61,99	33,32	43,31	52,47	71,91	79,97	34,08	69,92	73,98	53,97	45,16	65,23	63,38	79,87	62,86	75,58	78,64	40,44	26,97	33,49	22,69	58,45	63,36	82,71	66,14	64,63	46,58	70,37	43,07	37,23	36,17	2,91	6,84	4,03	11,61	16,96	17,99	7,64	13,56	13,00	15,94	17,40	23,73	25,94	16,24	14,29	5,07	5,03	8,09	7,27	9,39	45,25	50,73	15,98	12,07	13,65	14,80	69,01	84,80	80,26	68,25	79,02	67,25	50,79	70,27	77,61	66,47	54,29	39,21	31,48	30,12	61,84	91,80	48,39	45,52	14,72	13,05	54,47	35,85	13,92	43,81	3,33	8,22	3,68	8,91	5,69	6,97	10,38	15,03	15,73	22,59	9,48	13,56	20,97	27,32	23,27	4,18	5,04	8,14	11,13	13,77	49,50	12,57	9,16	18,96	11,09	18,43	60,50	74,25	76,28	63,79	72,62	59,20	79,37	73,08	79,51	56,16	57,56	70,80	49,56	46,56	55,66	66,96	41,90	39,73	12,91	13,44	34,61	40,50	33,65	43,64	2,35	3,94	1,41	6,69	6,76	11,76	6,40	12,51	10,07	10,78	8,36	18,19	22,08	19,31	17,85	4,88	8,31	9,05	8,19	11,41	53,16	19,69	15,88	12,29	10,99	17,39	66,91	82,27	61,52	50,99	78,10	64,13	79,19	69,04	70,47	74,44	45,31	47,67	71,67	69,56	41,07	88,69	39,34	39,18	15,84	14,60	73,02	10,43	37,60	45,84	3,38	7,63	6,09	14,73	18,13	16,15	10,27	21,07	10,19	19,06	9,32	16,87	19,68	40,62	30,37	4,57	5,51
2,00	90,97	75,96	64,79	61,57	59,36	75,98	92,70	83,07	97,05	84,93	93,26	93,40	93,84	96,85	78,83	89,67	95,17	98,47	82,05	77,79	90,85	78,56	97,83	91,95	56,45	88,98	85,27	97,02	94,40	76,94	46,61	45,32	66,66	67,15	81,66	9,04	3,11	5,67	27,49	4,84	11,85	4,17	12,65	8,48	20,01	31,59	33,23	38,16	52,11	59,95	31,12	45,02	46,12	22,24	38,87	24,62	70,98	64,88	75,78	55,73	78,10	84,69	79,21	90,09	79,83	77,60	84,40	91,21	80,49	82,57	80,95	53,72	89,28	89,03	82,37	86,89	49,70	46,44	73,96	87,79	20,52	15,64	11,90	13,08	65,93	7,59	13,98	29,00	25,36	14,26	7,54	3,13	11,35	11,49	7,95	8,49	5,43	13,61	34,13	15,32	15,01	40,43	26,79	41,01	76,19	46,65	76,53	67,99	66,59	65,95	63,32	77,23	82,36	84,23	66,39	79,99	87,65	76,29	62,49	82,60	75,24	47,82	75,74	38,71	38,10	57,38	40,23	37,12	27,68	72,96	14,59	15,46	12,82	9,80	43,15	5,27	3,09	9,33	2,67	7,08	9,33	3,19	17,74	29,71	18,25	27,78	6,67	23,07	15,85	16,42	14,51	27,23	23,55	33,32	19,77	17,50	69,77	68,55	76,35	57,12	56,68	59,44	62,04	72,84	62,52	55,35	63,43	48,84	58,92	83,60	74,60	68,75	72,34	40,83	31,45	45,36	39,66	37,26	25,29	56,46	37,60	60,12	11,22	10,48	75,61	3,59	2,69	3,17	9,25	6,84	24,72	6,79	21,30	14,51	12,47	7,97	5,39	20,50	31,37	15,01	13,08	33,97	25,97	42,59	70,80	19,13	78,41	66,91	74,21	48,45	51,38	58,02	70,85	82,35	62,44	55,48	45,06	73,69	49,64	78,12	77,11	49,26	82,02	37,68	40,58	53,37	54,60	49,19	52,49	82,68	13,72	14,86	11,83	10,69	43,81	7,72	5,22	3,34	18,40	5,85	5,35	3,54	2,24	11,60	7,46	8,29	1,47	56,43	30,88	32,84	9,58	32,17	19,39	39,79	20,55	21,91	69,85	20,50	69,61	49,29	53,01	63,86	53,97	62,17	70,97	64,90	63,51	79,98	76,79	77,26	67,58	71,01	31,39	36,43	36,43	55,47	20,40	18,16	25,31	69,78	14,57	15,56	11,53	11,20	66,92	5,28	6,38	2,86	12,32	6,72	9,04	9,77	17,08	6,84	10,55	12,82	10,74	48,92	54,26	15,21	16,52	47,32	50,57	57,43	13,01	8,31	56,30	24,29	60,57	71,88	49,95	47,74	54,64	69,76	70,77	65,60	56,14	68,29	60,01	46,77	34,93	74,09	79,00	36,37	32,44	24,99	48,20	45,47	61,54	62,21	63,62	63,94	11,68	11,05	28,53	20,48	25,30	8,43	8,80	6,54	2,81	2,54	40,24	8,38	7,97	11,38	5,47	22,92	21,41	17,22	26,72	26,66	30,04	37,15	47,84	17,16	65,07	30,88	59,83	47,65	43,11	53,84	79,16	72,14	66,39	73,20	75,84	85,19	73,69	77,21	71,08	56,68	68,56	38,80	28,80	49,42	53,17	50,48	69,86	47,32	12,54	15,58	11,89	10,90	74,16	5,35	4,78	3,07	22,48	33,68	37,20	3,58	10,99	20,04	7,11	7,66	7,29	25,43	22,89	16,07	16,06	33,43	27,44	43,31	46,22	15,81	62,13	29,07	77,52	50,19	47,07	63,57	79,06	73,59	40,16	77,06	56,15	79,35	67,63	58,08	71,74	46,29	75,28	68,44	64,36	83,99	68,84	54,41	54,58	64,40	14,62	15,67	11,81	11,15	71,35	5,08	8,19	4,95	9,98	6,52	9,28	5,75	29,24	18,09	6,60	7,98	9,71	28,90	29,45	34,90	40,45	39,63	22,35	42,43	54,70	17,17	62,21	25,90	71,75	48,03	46,15	52,32	65,48	77,34	72,73	70,63	61,15	73,83	58,13	46,65	76,50	50,39	78,78	32,96	38,76	62,40	35,89	35,60	24,45	68,85	12,36	15,53	11,46	10,76	56,16	8,51	6,40	2,68	24,02	6,28	9,38	3,28	16,01	10,84	3,58	3,20	5,44	31,25	22,63	13,02	14,34	19,16	28,17	39,02	63,04	16,59	46,76	65,49	49,83	47,79	58,33	69,75	77,33	80,20	72,16	66,52	63,16	85,80	71,17	71,46	78,17	24,65	67,22	74,52	59,09	75,12	63,21	65,55	52,54	74,27	13,46	15,16	63,95	66,09	67,72	13,49	6,16	3,51	19,51	10,23	42,32	10,82	11,34	11,66	7,23	5,91	3,82	17,68	24,87	6,98	14,41	31,48	24,27	25,86	58,03	45,24	18,89	20,32	66,97	76,67	52,03	45,74	51,70	65,58	73,93	14,48	56,24	75,36	56,89	64,16	60,05	40,58	69,00	48,47	58,35	74,71	76,68	59,81	59,39	75,57	14,55	14,60	58,08	57,96	19,38	4,42	5,71	2,84	20,70	5,46	8,67	1,70	12,56	6,54	4,99	4,00	3,86	20,35	24,24	17,28	26,44	28,94	34,71	41,89	53,11	40,12	41,93	20,37	58,37	53,18	59,63	60,07	55,19	82,26	64,84	54,84	50,28	66,52	62,48	58,51	71,10	38,55	71,55	39,64	37,84	60,09	56,21	53,53	75,73	67,50	56,66	71,40	11,79	9,23	39,98	12,60	13,52	6,62	22,04	5,81	7,98	6,14	7,99	9,85	6,46	2,98	4,19	10,46	19,48	15,36	14,50	24,99	34,27	53,07	70,91	19,62	42,79	28,52	58,42	48,31	82,89	62,50	52,36	72,49	64,26	53,38	76,43	85,97	77,18	78,16	69,33	64,72	20,12	68,69	70,29	65,22	47,08	66,84	76,06	62,55	15,67	13,69	10,88	11,92	48,65	4,58	5,63	3,89	25,04	6,86	6,74	3,55	9,95	11,39	10,66	12,66	12,68	36,07	22,31	17,12	5,10	24,24	29,11	63,64	48,92	18,10	30,79	24,06	37,71	50,22	49,81	57,89	58,04	76,35	59,03	69,41	64,54	70,99	69,00	52,35	45,53	48,54	71,43	74,83	70,75	80,57	46,22	65,80	45,84	24,14	14,11	15,25	11,89	9,96	54,76	6,81	5,07	2,63	15,78	6,04	12,83	5,72	13,30	23,01	32,04	21,38	7,06	20,80	26,75	15,34	17,96	30,72	36,61	37,13	54,10	16,70	57,99	32,28	38,82	75,64	64,18	79,30	73,86	81,91	59,94	54,08	79,10	74,76	80,84	62,29	77,54	54,61	75,57	81,11	78,49	83,57	49,50	44,73	24,27	40,64	13,02	14,46	11,53	9,95	66,15	13,53	6,61	3,31	22,39	6,90	10,05	3,55	13,49	7,37	7,43	5,05	11,40	52,00	31,51	28,72	30,54	30,44	10,15	13,68	23,79	26,12	55,04	25,31	56,47	23,71	58,76	70,33	69,47	69,79	59,96	58,39	78,79	87,29	77,92	62,73	68,68	49,62	73,69	40,31	38,08	54,50	38,24	51,61	63,75	33,62	33,51	71,03	73,00	61,66	58,74	7,99	7,89	3,71	19,24	5,88	14,51	3,57	13,11	8,93	6,59	6,98	4,62	14,65	30,90	15,45	15,79	27,05	36,52	42,32	55,71	17,50	63,27	33,29	68,98	46,19	37,24	78,62	68,92	48,82	30,64	70,46	80,56	88,61	82,84	72,86	72,95	50,56	66,47	46,22	61,90	82,79	44,51	40,95	25,04	74,70	12,84	15,97	11,60	9,37	15,95	8,84	4,90	2,70	23,90	5,41	9,87	8,44	15,90	26,76	10,02	10,79	5,16	16,55	17,47	9,98	11,76	19,46	40,62	42,91	62,21	16,66	41,75	31,68	60,80	47,64	47,28	50,43	73,72	80,42	63,78	63,03	58,39	65,88	54,13	54,52	41,20	50,58	72,98	69,50	70,58	80,17	72,07	62,65	58,36	55,65	14,03	15,47	9,39	9,43	67,75	5,30	3,69	3,81	4,05	3,26	3,10	2,85	7,02	7,11	5,28	4,03	3,95	18,37	22,59	26,71	25,40	33,23	40,02	42,50	59,35	40,27	64,66	73,83	62,01	35,75	59,43	72,53	55,95	81,54	68,26	77,98	77,41	87,86	80,33	78,51	69,26	60,91	73,19	49,13	37,17	56,07	32,45	27,99	43,65	53,72	41,90	65,12	8,55	7,88	18,36	3,86	5,89	3,09	27,49	8,16	18,34	5,42	21,03	11,91	4,30	8,10	4,94	18,84	17,54	31,65	31,81	33,81
3,00	95,91	83,33	67,22	76,29	47,96	82,45	72,94	76,34	76,37	81,84	79,05	97,99	87,67	97,04	74,04	84,21	95,99	84,08	38,81	90,96	65,32	72,94	97,39	87,40	75,83	92,93	64,50	58,60	66,36	79,37	79,12	24,80	86,45	16,52	12,31	3,53	2,22	3,69	8,22	8,63	28,28	11,63	16,78	5,35	11,98	18,84	32,36	26,10	41,56	46,13	48,02	62,78	16,76	24,87	16,10	46,32	48,71	69,66	66,83	79,90	34,39	57,73	80,17	79,69	83,17	67,00	77,45	64,68	64,83	80,56	72,00	78,80	44,71	76,14	13,71	12,68	11,78	45,58	80,37	75,58	64,27	25,26	41,22	5,71	12,08	5,06	20,69	21,77	1,93	6,13	28,07	8,93	11,38	6,58	7,70	14,40	30,32	41,24	16,21	15,67	41,03	21,75	14,34	25,33	64,52	66,48	53,27	49,95	78,14	70,89	53,36	87,45	74,41	60,09	60,36	65,32	69,66	69,85	63,05	78,55	72,46	86,86	75,56	79,99	12,72	12,65	11,20	53,96	33,20	49,61	58,87	37,70	41,17	4,00	7,68	2,42	2,69	9,47	1,80	4,64	8,97	3,68	20,62	9,18	12,58	14,93	13,84	12,93	11,53	14,40	26,10	21,87	18,09	13,99	15,14	19,70	31,27	40,47	61,69	67,58	34,27	61,23	60,47	57,57	51,38	77,67	79,60	53,27	68,62	67,11	75,92	80,76	83,78	73,71	52,94	39,97	69,36	65,37	31,86	36,03	58,34	38,30	45,81	18,01	15,80	2,47	1,41	1,50	5,72	5,32	26,33	8,55	11,61	8,94	16,99	23,61	14,60	23,55	12,66	17,67	25,85	12,45	19,08	12,12	20,43	58,93	61,02	69,09	63,90	65,85	39,08	61,36	50,59	34,79	48,21	68,88	52,97	29,15	45,88	63,51	75,22	67,02	72,20	58,04	12,55	13,52	11,01	61,77	53,64	36,59	58,61	32,59	45,59	7,73	7,80	8,48	1,50	1,63	5,56	5,05	23,80	6,80	4,11	7,21	12,57	12,89	31,11	26,06	22,29	36,09	9,76	26,44	41,52	27,18	47,19	23,30	39,47	25,41	40,94	31,88	25,52	65,35	52,36	38,57	46,15	68,59	57,30	55,71	50,05	47,38	39,16	72,47	61,30	68,30	12,54	12,71	10,67	64,64	12,71	8,55	50,19	50,33	46,46	8,48	8,04	2,74	2,52	5,63	5,92	6,12	10,37	14,01	20,65	7,18	7,28	11,52	24,00	15,98	23,22	42,93	25,95	23,73	23,01	25,44	7,60	42,97	41,10	54,99	27,92	32,78	37,32	25,46	41,83	47,65	34,10	69,27	62,81	52,88	59,46	46,05	61,72	62,73	56,93	54,56	46,69	53,65	47,65	45,56	30,12	36,29	78,64	60,35	48,12	16,11	14,02	1,08	2,70	1,97	2,69	10,25	9,52	3,42	7,19	11,68	8,26	8,61	20,90	23,34	16,04	18,14	27,40	25,63	31,16	15,58	17,33	59,14	66,76	39,76	27,93	29,48	34,04	58,76	60,38	54,15	40,82	61,88	69,32	58,65	56,28	64,97	57,44	66,81	55,53	52,62	12,16	11,15	10,21	59,98	26,20	35,58	52,95	65,94	47,64	8,74	8,13	2,41	15,20	16,58	26,61	3,45	8,95	3,53	5,26	5,51	14,06	13,74	29,22	27,09	28,55	33,23	28,91	23,22	18,57	12,02	15,92	43,73	36,39	47,87	34,32	27,32	34,11	56,80	53,65	49,54	39,71	44,11	82,52	71,87	67,91	77,15	55,69	75,48	69,92	80,82	14,94	12,39	11,00	36,21	67,52	37,24	55,66	38,83	49,60	8,39	8,05	2,08	1,51	2,82	4,74	3,03	9,78	3,56	6,83	7,26	6,80	14,16	14,00	30,41	12,67	18,46	35,67	13,09	24,41	16,38	16,93	35,19	34,11	45,39	25,94	26,94	32,86	54,94	47,54	52,81	41,71	52,39	61,23	50,43	49,59	60,36	50,92	60,27	66,99	45,40	12,37	22,80	10,78	45,27	27,61	37,67	44,95	13,66	14,16	15,00	15,75	3,73	1,51	1,56	5,80	6,70	11,96	7,91	10,51	5,20	13,25	4,92	21,49	21,36	12,26	7,74	31,90	19,97	29,95	17,35	19,54	62,16	30,81	43,40	71,29	65,22	38,54	64,82	69,38	39,63	46,83	32,60	67,08	57,04	69,07	58,97	53,52	66,87	32,61	49,61	25,98	53,15	46,65	14,63	74,96	35,58	56,51	37,61	60,68	8,42	8,22	3,18	4,24	8,19	7,21	3,21	7,26	3,14	6,29	5,30	35,84	14,56	21,58	6,73	5,56	19,85	35,60	19,71	18,30	28,78	47,00	61,69	46,18	65,59	69,19	66,05	57,34	53,16	43,06	41,52	28,14	67,00	77,22	55,64	48,93	71,74	64,45	70,41	62,96	64,26	12,09	12,37	10,99	50,59	61,88	33,36	68,69	41,93	54,74	15,87	15,81	2,38	1,42	1,71	4,58	5,14	12,29	2,13	4,64	4,70	11,57	15,50	25,70	23,94	13,16	17,35	29,57	6,96	19,88	26,37	42,36	45,49	31,35	28,68	26,56	30,70	25,95	57,13	58,45	57,57	44,43	57,76	63,87	56,46	54,97	55,71	53,42	50,85	65,78	55,94	12,26	11,61	10,53	53,99	29,15	53,51	47,34	53,08	59,21	15,87	14,43	3,93	2,60	4,88	3,28	8,86	8,61	3,21	4,21	6,34	9,44	14,58	24,87	18,46	30,93	26,36	37,15	24,01	22,90	11,91	15,93	44,50	64,09	48,99	23,13	47,96	54,80	48,96	51,80	25,52	48,91	50,98	64,75	54,76	52,22	56,99	48,45	63,87	32,61	88,73	50,63	63,46	58,28	60,95	62,19	37,67	35,00	36,38	58,34	7,52	7,11	2,57	1,19	2,85	5,81	15,44	18,70	8,39	8,40	7,80	8,00	20,09	21,71	21,90	20,32	29,92	27,78	6,82	18,79	14,42	13,62	62,26	21,91	28,51	32,90	29,66	36,31	57,90	25,20	49,24	47,78	72,15	68,99	67,96	69,63	66,24	55,89	58,95	79,55	79,61	70,63	79,30	39,54	29,28	58,28	59,69	67,18	42,31	42,79	12,16	11,48	2,75	1,02	2,71	4,99	4,70	25,10	8,16	15,34	13,12	3,33	5,94	19,47	9,80	20,60	29,68	27,58	40,21	17,39	11,25	12,75	40,53	27,57	47,11	29,66	66,78	47,83	81,07	72,99	71,28	60,76	48,45	77,27	72,92	71,83	75,45	58,24	82,68	76,87	73,98	13,57	12,35	9,77	54,21	64,90	31,35	54,27	39,92	47,14	8,79	8,33	23,83	19,66	1,75	4,28	3,41	19,68	7,45	9,33	7,15	11,65	13,91	22,65	23,90	27,35	21,03	37,16	32,86	48,87	28,55	50,04	14,99	13,72	16,21	19,86	58,99	37,98	55,20	59,27	55,00	58,69	39,80	78,08	66,00	63,72	70,43	55,41	75,99	78,48	68,02	13,04	12,30	11,16	52,04	24,32	36,31	34,31	35,72	72,07	50,29	43,48	3,12	1,43	1,48	3,35	5,62	12,11	7,05	5,17	6,13	15,07	13,61	21,14	28,13	12,73	15,12	30,30	15,64	22,54	12,12	16,01	67,39	42,13	39,33	38,63	29,75	39,75	42,97	64,48	63,08	68,45	72,23	72,35	70,26	71,42	74,30	69,06	70,44	43,24	42,22	12,12	12,26	10,78	54,73	69,09	34,69	63,64	61,00	50,98	7,99	7,75	0,95	1,54	5,18	5,25	5,75	11,53	3,61	8,94	10,85	3,17	6,20	26,51	8,92	15,25	31,42	31,18	29,42	20,94	11,97	16,13	62,97	20,68	47,95	33,03	29,01	38,59	52,04	43,40	43,25	42,20	49,37	63,78	53,83	43,34	64,04	61,61	70,77	64,58	52,84	12,28	10,95	9,72	52,62	69,28	35,60	54,75	33,67	45,68	7,62	8,46	4,71	1,51	1,57	8,65	4,90	5,47	4,24	6,75	5,39	4,65	14,38	21,10	29,26	13,85	16,64	15,24	22,45	31,51	41,58	45,61	24,13	33,63	68,60	70,03	46,34	37,74	62,06	64,65	69,28	61,50	52,74	74,90	71,07	76,11	74,97	68,24	64,02	82,94	74,23	15,99	16,12	11,13	70,47	33,71	37,53	71,44	41,55	49,97	17,49	16,66	9,85	5,15	3,76	12,23	5,49	18,87	3,95	12,00	3,47	11,68	13,65	27,20	13,28	28,54	36,75	29,30	27,48
4,00	78,15	89,13	96,52	77,24	85,81	43,05	36,98	79,78	71,57	42,67	95,68	92,15	94,87	97,71	95,44	92,78	97,55	98,85	96,91	18,57	28,68	88,71	63,67	90,68	89,21	31,47	24,37	35,33	58,07	69,24	70,06	85,99	57,95	69,71	31,72	5,72	5,09	5,70	14,12	31,04	9,04	9,89	7,36	4,09	23,15	18,22	21,54	11,66	26,17	42,33	28,47	22,76	72,82	45,97	58,88	73,38	76,54	55,61	66,88	57,40	73,13	71,22	54,76	78,85	59,44	81,99	88,00	86,27	79,51	83,60	82,61	70,51	18,28	65,26	57,45	65,66	43,07	9,31	8,44	7,73	9,38	49,49	28,23	15,05	18,16	17,94	8,49	5,19	9,18	22,74	12,10	10,97	8,01	3,75	11,79	31,73	23,61	20,73	19,93	39,45	38,03	36,89	43,77	52,27	63,80	58,65	56,98	59,12	62,87	53,18	68,54	58,25	73,19	80,63	67,37	75,82	80,42	87,13	71,36	59,39	74,22	71,62	73,57	74,51	70,50	60,31	55,49	12,64	11,21	7,42	8,28	41,97	53,11	18,11	32,56	3,75	3,85	5,59	9,46	12,47	3,89	4,05	7,05	6,05	13,47	15,75	29,53	11,46	30,08	37,09	35,17	6,83	52,47	61,63	46,57	16,33	51,42	50,77	64,33	40,78	41,97	57,46	68,61	56,46	61,76	74,37	81,46	73,16	54,44	72,20	40,31	44,06	77,22	73,03	67,81	45,57	34,22	35,04	26,25	24,23	29,68	40,96	53,64	33,47	44,37	1,59	6,76	9,72	13,39	23,80	9,04	17,22	8,98	3,71	17,52	22,11	15,99	16,48	20,19	32,39	13,14	8,54	42,60	47,12	61,49	52,94	58,38	76,71	56,33	51,06	46,62	14,27	20,22	40,46	65,94	84,28	84,60	86,23	39,40	61,19	64,59	47,58	40,99	58,14	41,10	56,90	35,88	19,58	8,01	8,12	7,82	46,49	40,52	27,55	15,89	1,30	5,67	5,76	8,39	23,02	5,80	14,20	4,12	3,57	8,97	14,10	10,63	26,41	25,63	9,85	27,14	34,22	59,52	32,62	56,18	49,55	22,52	65,55	58,29	37,50	48,36	71,80	78,76	58,13	63,34	78,80	64,84	84,64	52,96	61,13	25,18	58,53	59,35	62,15	62,06	56,69	37,48	17,77	7,54	6,31	6,33	44,29	42,31	60,50	68,20	6,09	9,34	3,97	13,20	7,48	5,28	6,37	8,28	3,46	11,69	16,70	21,82	14,68	34,88	35,18	19,05	25,59	25,36	25,81	6,71	34,72	33,71	37,34	35,28	37,38	47,97	73,89	67,74	66,98	61,44	76,47	45,95	75,38	79,22	52,63	49,08	56,08	62,53	69,45	55,96	57,69	33,18	55,18	28,01	44,82	54,49	45,47	45,53	26,06	31,53	4,06	5,54	6,46	7,65	11,04	4,99	6,92	5,58	2,44	8,78	11,36	18,03	32,28	24,65	27,92	22,60	7,93	54,80	48,84	47,27	46,52	48,87	47,79	42,79	42,39	60,39	71,08	70,65	46,87	65,94	68,59	87,45	79,80	72,26	56,44	74,55	60,68	53,43	56,35	44,57	52,00	40,01	16,93	31,64	30,36	34,96	38,20	48,25	27,98	42,75	15,07	3,58	4,51	3,62	10,17	9,62	9,30	8,35	3,78	13,68	8,82	16,73	25,23	24,60	29,12	29,17	10,36	45,13	55,12	48,36	46,84	52,34	58,23	62,85	57,86	59,27	70,21	74,45	41,40	59,48	66,75	87,75	80,50	64,70	69,56	66,77	62,05	65,75	44,19	45,82	50,48	31,05	16,10	6,71	7,54	8,07	47,16	48,58	19,87	27,35	5,80	7,19	3,08	14,79	8,93	2,86	7,39	5,36	39,77	43,68	3,48	17,70	29,45	25,26	20,37	15,92	7,60	52,14	42,30	89,91	48,79	43,71	45,50	52,28	39,99	49,42	74,65	76,73	52,06	53,50	64,18	81,19	90,81	70,51	60,86	59,28	60,55	45,73	66,49	62,71	56,54	23,09	31,49	39,13	27,36	7,50	38,36	29,77	29,93	33,58	6,19	2,96	2,72	5,26	5,20	8,96	6,95	7,40	9,55	15,69	17,67	5,15	24,06	22,86	29,83	24,21	7,40	41,58	47,50	47,01	34,34	25,38	83,34	47,64	38,41	62,40	64,58	82,54	56,30	35,30	71,06	61,56	89,83	26,19	79,15	72,99	67,97	23,69	31,97	48,43	58,90	35,43	27,06	10,95	28,10	47,60	60,66	56,04	35,80	29,81	6,65	14,07	3,44	18,92	18,95	2,60	7,44	7,72	3,84	9,30	11,10	19,36	28,32	31,66	28,50	24,08	7,98	17,77	46,25	38,10	32,54	35,98	74,59	51,57	53,48	61,17	50,44	39,41	79,21	61,47	73,93	84,65	71,62	36,13	74,99	66,72	55,34	50,98	51,95	59,16	57,79	35,18	16,48	8,01	8,86	8,37	49,82	39,85	48,10	70,57	6,26	3,71	4,77	9,01	18,48	9,17	9,52	1,83	3,41	15,07	8,63	20,12	21,65	22,65	9,46	33,25	23,12	38,79	46,24	53,36	47,88	18,52	50,67	51,71	48,56	31,28	65,93	75,13	57,83	66,02	76,40	89,65	74,57	49,49	66,69	61,44	51,28	54,59	73,07	68,01	73,77	60,53	19,17	7,45	7,39	7,45	56,85	39,89	46,11	52,77	4,18	5,73	5,10	14,08	20,27	10,60	13,96	13,95	7,84	7,04	9,27	21,06	17,43	23,32	30,03	16,36	8,10	52,03	47,43	51,36	51,20	45,78	29,31	63,47	39,84	59,52	47,32	73,17	54,04	69,65	82,59	83,27	53,06	16,19	25,92	78,49	56,97	20,74	92,79	57,77	30,61	59,91	23,81	29,54	48,95	29,34	32,20	40,15	27,77	34,10	5,03	2,50	3,41	20,44	13,88	3,58	5,33	5,98	3,99	20,35	14,42	20,93	28,34	17,37	29,42	21,72	8,05	11,55	52,87	37,57	51,31	12,35	35,18	55,97	45,68	66,38	62,26	79,73	28,88	31,39	74,39	87,96	85,38	60,28	46,51	59,14	64,96	52,92	64,35	36,47	69,40	43,70	31,02	26,55	27,51	47,08	34,84	36,31	24,34	32,49	14,68	7,51	3,99	7,89	19,75	6,56	3,42	9,94	9,16	16,80	13,96	18,51	16,67	19,52	48,37	28,44	8,06	43,91	49,72	48,08	46,83	45,08	48,71	45,09	37,45	44,92	57,51	59,72	79,16	69,81	84,24	89,06	77,65	58,59	60,80	53,69	59,08	56,19	46,47	36,61	49,07	28,07	16,93	7,24	7,49	8,35	43,32	50,87	7,68	39,56	4,06	11,32	10,23	14,35	21,03	5,93	7,74	6,01	3,57	10,12	13,93	16,56	20,78	34,95	29,04	13,65	21,77	22,09	53,06	59,51	48,86	56,12	71,68	52,76	13,92	17,29	54,08	82,03	58,45	40,75	51,55	83,75	75,90	66,88	55,97	57,72	52,94	65,24	57,31	47,27	62,95	31,21	7,87	6,58	8,01	7,90	30,60	25,27	23,38	20,32	16,95	4,43	4,25	8,79	20,35	11,24	10,56	4,50	1,97	18,46	5,78	21,27	21,55	20,38	62,03	28,14	7,01	44,33	53,37	7,65	9,48	38,09	31,46	39,49	48,94	53,34	61,89	67,27	38,00	58,52	74,39	81,93	87,72	67,82	69,91	71,28	75,92	62,91	65,89	22,85	49,77	35,78	17,61	7,56	6,83	7,87	57,56	34,20	44,77	35,94	4,36	1,43	6,64	12,04	20,89	15,13	6,81	5,25	5,45	7,64	12,95	15,67	18,55	24,40	33,39	34,76	8,29	47,93	49,16	21,31	20,47	39,69	50,96	48,69	59,00	55,30	72,15	78,69	58,03	56,78	70,11	78,23	81,35	57,35	55,93	71,58	66,26	70,06	63,46	14,51	59,32	35,66	17,69	7,88	8,19	7,86	30,41	35,78	28,76	35,65	6,18	7,50	8,74	9,52	7,05	4,99	10,41	4,82	2,97	9,22	19,66	19,71	24,07	21,81	38,35	23,95	26,01	13,79	45,29	44,82	40,34	15,07	59,36	37,62	53,59	57,06	61,67	79,74	58,78	80,10	69,18	86,20	85,72	62,15	64,82	68,80	69,35	70,01	55,92	53,17	63,01	29,92	8,00	7,47	7,36	8,31	48,45	64,82	30,78	32,68	6,35	11,97	7,21	9,56	9,23	25,78	17,61	15,69	10,14	17,62	15,35	27,39	31,77	27,83	31,91	33,08	9,66
"x-axis"

