"Map measures:"	"D-50"	"%"	"sum   "
"Project:"	"project"
"Creator:"	"CATT-Acoustic v9.1b (build 1.03) / TUCT v1.1b:2.02"
"Date/Time:"	"2018-06-05 21:00:14"
"Air abs.:"	"on"
"Interference:"	"off"
"Adapt rays:"	"off"
"No of rays:"	500	"Diffraction: "	"off"
"Ech. length:"	1000	"ms"

"Layer:"	1	"of"	1	"Nx:"	9	"Ny:"	1002
	-0,50	0,50	1,50	2,50	3,50	4,50	5,50	6,50	7,50	8,50	9,50	10,50	11,50	12,50	13,50	14,50	15,50	16,50	17,50	18,50	19,50	20,50	21,50	22,50	23,50	24,50	25,50	26,50	27,50	28,50	29,50	30,50	31,50	32,50	33,50	34,50	35,50	36,50	37,50	38,50	39,50	40,50	41,50	42,50	43,50	44,50	45,50	46,50	47,50	48,50	49,50	50,50	51,50	52,50	53,50	54,50	55,50	56,50	57,50	58,50	59,50	60,50	61,50	62,50	63,50	64,50	65,50	66,50	67,50	68,50	69,50	70,50	71,50	72,50	73,50	74,50	75,50	76,50	77,50	78,50	79,50	80,50	81,50	82,50	83,50	84,50	85,50	86,50	87,50	88,50	89,50	90,50	91,50	92,50	93,50	94,50	95,50	96,50	97,50	98,50	99,50	100,50	101,50	102,50	103,50	104,50	105,50	106,50	107,50	108,50	109,50	110,50	111,50	112,50	113,50	114,50	115,50	116,50	117,50	118,50	119,50	120,50	121,50	122,50	123,50	124,50	125,50	126,50	127,50	128,50	129,50	130,50	131,50	132,50	133,50	134,50	135,50	136,50	137,50	138,50	139,50	140,50	141,50	142,50	143,50	144,50	145,50	146,50	147,50	148,50	149,50	150,50	151,50	152,50	153,50	154,50	155,50	156,50	157,50	158,50	159,50	160,50	161,50	162,50	163,50	164,50	165,50	166,50	167,50	168,50	169,50	170,50	171,50	172,50	173,50	174,50	175,50	176,50	177,50	178,50	179,50	180,50	181,50	182,50	183,50	184,50	185,50	186,50	187,50	188,50	189,50	190,50	191,50	192,50	193,50	194,50	195,50	196,50	197,50	198,50	199,50	200,50	201,50	202,50	203,50	204,50	205,50	206,50	207,50	208,50	209,50	210,50	211,50	212,50	213,50	214,50	215,50	216,50	217,50	218,50	219,50	220,50	221,50	222,50	223,50	224,50	225,50	226,50	227,50	228,50	229,50	230,50	231,50	232,50	233,50	234,50	235,50	236,50	237,50	238,50	239,50	240,50	241,50	242,50	243,50	244,50	245,50	246,50	247,50	248,50	249,50	250,50	251,50	252,50	253,50	254,50	255,50	256,50	257,50	258,50	259,50	260,50	261,50	262,50	263,50	264,50	265,50	266,50	267,50	268,50	269,50	270,50	271,50	272,50	273,50	274,50	275,50	276,50	277,50	278,50	279,50	280,50	281,50	282,50	283,50	284,50	285,50	286,50	287,50	288,50	289,50	290,50	291,50	292,50	293,50	294,50	295,50	296,50	297,50	298,50	299,50	300,50	301,50	302,50	303,50	304,50	305,50	306,50	307,50	308,50	309,50	310,50	311,50	312,50	313,50	314,50	315,50	316,50	317,50	318,50	319,50	320,50	321,50	322,50	323,50	324,50	325,50	326,50	327,50	328,50	329,50	330,50	331,50	332,50	333,50	334,50	335,50	336,50	337,50	338,50	339,50	340,50	341,50	342,50	343,50	344,50	345,50	346,50	347,50	348,50	349,50	350,50	351,50	352,50	353,50	354,50	355,50	356,50	357,50	358,50	359,50	360,50	361,50	362,50	363,50	364,50	365,50	366,50	367,50	368,50	369,50	370,50	371,50	372,50	373,50	374,50	375,50	376,50	377,50	378,50	379,50	380,50	381,50	382,50	383,50	384,50	385,50	386,50	387,50	388,50	389,50	390,50	391,50	392,50	393,50	394,50	395,50	396,50	397,50	398,50	399,50	400,50	401,50	402,50	403,50	404,50	405,50	406,50	407,50	408,50	409,50	410,50	411,50	412,50	413,50	414,50	415,50	416,50	417,50	418,50	419,50	420,50	421,50	422,50	423,50	424,50	425,50	426,50	427,50	428,50	429,50	430,50	431,50	432,50	433,50	434,50	435,50	436,50	437,50	438,50	439,50	440,50	441,50	442,50	443,50	444,50	445,50	446,50	447,50	448,50	449,50	450,50	451,50	452,50	453,50	454,50	455,50	456,50	457,50	458,50	459,50	460,50	461,50	462,50	463,50	464,50	465,50	466,50	467,50	468,50	469,50	470,50	471,50	472,50	473,50	474,50	475,50	476,50	477,50	478,50	479,50	480,50	481,50	482,50	483,50	484,50	485,50	486,50	487,50	488,50	489,50	490,50	491,50	492,50	493,50	494,50	495,50	496,50	497,50	498,50	499,50	500,50	501,50	502,50	503,50	504,50	505,50	506,50	507,50	508,50	509,50	510,50	511,50	512,50	513,50	514,50	515,50	516,50	517,50	518,50	519,50	520,50	521,50	522,50	523,50	524,50	525,50	526,50	527,50	528,50	529,50	530,50	531,50	532,50	533,50	534,50	535,50	536,50	537,50	538,50	539,50	540,50	541,50	542,50	543,50	544,50	545,50	546,50	547,50	548,50	549,50	550,50	551,50	552,50	553,50	554,50	555,50	556,50	557,50	558,50	559,50	560,50	561,50	562,50	563,50	564,50	565,50	566,50	567,50	568,50	569,50	570,50	571,50	572,50	573,50	574,50	575,50	576,50	577,50	578,50	579,50	580,50	581,50	582,50	583,50	584,50	585,50	586,50	587,50	588,50	589,50	590,50	591,50	592,50	593,50	594,50	595,50	596,50	597,50	598,50	599,50	600,50	601,50	602,50	603,50	604,50	605,50	606,50	607,50	608,50	609,50	610,50	611,50	612,50	613,50	614,50	615,50	616,50	617,50	618,50	619,50	620,50	621,50	622,50	623,50	624,50	625,50	626,50	627,50	628,50	629,50	630,50	631,50	632,50	633,50	634,50	635,50	636,50	637,50	638,50	639,50	640,50	641,50	642,50	643,50	644,50	645,50	646,50	647,50	648,50	649,50	650,50	651,50	652,50	653,50	654,50	655,50	656,50	657,50	658,50	659,50	660,50	661,50	662,50	663,50	664,50	665,50	666,50	667,50	668,50	669,50	670,50	671,50	672,50	673,50	674,50	675,50	676,50	677,50	678,50	679,50	680,50	681,50	682,50	683,50	684,50	685,50	686,50	687,50	688,50	689,50	690,50	691,50	692,50	693,50	694,50	695,50	696,50	697,50	698,50	699,50	700,50	701,50	702,50	703,50	704,50	705,50	706,50	707,50	708,50	709,50	710,50	711,50	712,50	713,50	714,50	715,50	716,50	717,50	718,50	719,50	720,50	721,50	722,50	723,50	724,50	725,50	726,50	727,50	728,50	729,50	730,50	731,50	732,50	733,50	734,50	735,50	736,50	737,50	738,50	739,50	740,50	741,50	742,50	743,50	744,50	745,50	746,50	747,50	748,50	749,50	750,50	751,50	752,50	753,50	754,50	755,50	756,50	757,50	758,50	759,50	760,50	761,50	762,50	763,50	764,50	765,50	766,50	767,50	768,50	769,50	770,50	771,50	772,50	773,50	774,50	775,50	776,50	777,50	778,50	779,50	780,50	781,50	782,50	783,50	784,50	785,50	786,50	787,50	788,50	789,50	790,50	791,50	792,50	793,50	794,50	795,50	796,50	797,50	798,50	799,50	800,50	801,50	802,50	803,50	804,50	805,50	806,50	807,50	808,50	809,50	810,50	811,50	812,50	813,50	814,50	815,50	816,50	817,50	818,50	819,50	820,50	821,50	822,50	823,50	824,50	825,50	826,50	827,50	828,50	829,50	830,50	831,50	832,50	833,50	834,50	835,50	836,50	837,50	838,50	839,50	840,50	841,50	842,50	843,50	844,50	845,50	846,50	847,50	848,50	849,50	850,50	851,50	852,50	853,50	854,50	855,50	856,50	857,50	858,50	859,50	860,50	861,50	862,50	863,50	864,50	865,50	866,50	867,50	868,50	869,50	870,50	871,50	872,50	873,50	874,50	875,50	876,50	877,50	878,50	879,50	880,50	881,50	882,50	883,50	884,50	885,50	886,50	887,50	888,50	889,50	890,50	891,50	892,50	893,50	894,50	895,50	896,50	897,50	898,50	899,50	900,50	901,50	902,50	903,50	904,50	905,50	906,50	907,50	908,50	909,50	910,50	911,50	912,50	913,50	914,50	915,50	916,50	917,50	918,50	919,50	920,50	921,50	922,50	923,50	924,50	925,50	926,50	927,50	928,50	929,50	930,50	931,50	932,50	933,50	934,50	935,50	936,50	937,50	938,50	939,50	940,50	941,50	942,50	943,50	944,50	945,50	946,50	947,50	948,50	949,50	950,50	951,50	952,50	953,50	954,50	955,50	956,50	957,50	958,50	959,50	960,50	961,50	962,50	963,50	964,50	965,50	966,50	967,50	968,50	969,50	970,50	971,50	972,50	973,50	974,50	975,50	976,50	977,50	978,50	979,50	980,50	981,50	982,50	983,50	984,50	985,50	986,50	987,50	988,50	989,50	990,50	991,50	992,50	993,50	994,50	995,50	996,50	997,50	998,50	999,50	1000,50	"y-axis"
-4,00	84,34	64,97	86,68	84,83	73,59	71,11	69,38	83,93	70,62	76,15	69,11	67,80	81,73	77,97	64,28	69,14	81,49	91,08	85,10	60,19	84,89	54,07	55,02	52,51	43,14	84,85	78,75	78,64	52,34	41,24	58,60	73,98	53,56	58,93	66,83	46,20	42,89	37,62	50,36	61,90	47,57	60,91	59,93	52,92	67,41	53,67	54,11	69,05	80,46	83,01	77,76	66,80	66,96	70,67	71,03	73,17	64,34	63,71	59,61	69,87	75,70	63,76	87,43	60,91	48,36	67,49	75,04	72,91	61,34	35,71	82,29	61,86	52,93	48,59	43,42	76,92	57,16	39,07	35,21	28,59	29,31	59,12	36,04	55,64	60,22	52,93	23,58	22,49	54,61	59,15	40,96	57,50	56,99	36,22	55,19	46,92	50,04	60,23	54,33	66,50	65,21	75,27	77,71	65,57	72,65	63,86	59,91	71,45	56,75	56,99	55,00	47,58	71,06	56,98	42,79	67,15	77,18	77,73	52,87	54,18	75,87	43,93	31,56	48,44	41,57	79,83	64,75	28,69	23,51	24,92	24,98	60,59	37,97	55,58	61,80	35,13	36,99	25,37	65,41	60,37	47,19	60,74	56,32	43,58	59,49	57,53	69,07	69,44	63,04	80,01	66,09	63,62	81,99	75,13	68,96	57,06	54,75	77,14	52,42	64,57	69,60	57,71	58,34	50,06	42,24	61,85	66,27	64,02	53,28	29,65	72,91	50,60	48,26	49,93	41,16	73,79	77,82	39,64	22,21	30,34	32,58	71,82	37,54	35,72	56,02	43,68	43,67	30,08	44,60	62,82	61,82	50,35	48,26	52,52	60,45	46,35	52,50	70,49	71,53	69,26	65,73	56,97	73,87	65,97	66,54	57,73	54,73	66,69	53,99	64,64	62,82	76,82	75,43	53,45	43,90	67,03	64,66	70,72	57,59	50,86	78,51	58,13	45,64	51,98	47,68	77,03	44,98	46,84	28,71	32,22	37,71	65,15	37,50	47,50	66,51	50,81	42,46	23,71	31,33	43,76	40,15	50,90	51,42	33,33	61,85	48,36	46,72	66,38	61,79	73,46	48,84	71,70	78,36	73,37	69,09	52,91	65,00	65,54	61,11	70,37	61,18	57,79	79,86	45,84	43,23	63,53	60,38	74,75	46,15	43,57	77,48	54,87	58,10	54,49	45,81	68,89	59,05	29,85	29,67	24,41	27,95	57,19	53,42	38,73	48,30	37,14	32,66	24,72	35,19	48,38	42,82	52,29	56,34	51,81	66,75	43,86	56,99	64,77	62,57	74,78	53,90	63,05	73,76	65,63	65,64	51,05	50,43	53,48	50,10	67,40	59,43	53,12	75,30	64,95	39,82	58,64	66,91	75,47	49,57	52,70	69,40	46,29	37,96	43,61	40,10	79,52	58,74	26,34	27,39	21,38	18,83	64,65	52,96	45,54	57,92	47,18	25,77	22,37	37,11	59,93	34,85	44,73	44,22	42,77	53,48	48,56	55,67	74,78	71,96	80,17	75,85	72,73	68,85	62,91	68,37	61,14	55,92	61,60	55,48	61,72	70,75	69,29	76,74	46,10	49,93	53,32	64,29	73,56	50,57	43,92	67,24	46,09	39,05	49,60	34,94	61,65	77,96	36,78	36,67	29,75	35,11	69,94	53,53	59,60	76,19	56,22	30,61	14,96	41,55	75,70	36,65	46,00	45,82	35,17	46,02	61,66	59,53	64,21	66,12	72,64	70,13	75,20	68,63	71,43	68,94	57,18	54,17	59,50	51,80	59,68	44,19	68,38	63,70	49,79	42,20	51,13	62,01	71,99	56,16	53,62	63,79	47,78	37,83	47,88	47,61	77,58	70,00	32,00	36,47	34,11	26,88	67,21	35,68	52,95	46,91	46,00	37,84	32,78	43,82	63,49	47,24	42,65	49,32	48,23	64,55	49,58	58,02	73,45	74,48	76,34	62,47	61,20	70,53	73,92	68,97	43,32	60,47	68,97	53,02	66,21	61,82	58,61	71,92	39,29	42,69	66,82	66,80	77,13	43,56	43,16	60,71	56,28	44,54	48,35	42,39	62,32	64,67	31,80	23,57	20,87	23,30	63,64	49,32	33,42	70,77	47,59	38,38	24,67	49,70	69,15	63,01	40,13	43,51	62,14	62,74	37,37	45,07	71,30	72,14	76,07	79,23	68,03	77,51	73,61	76,75	58,72	49,41	61,69	51,95	58,16	59,25	62,90	82,03	53,82	47,24	63,22	67,09	69,69	46,33	43,62	61,03	61,42	52,73	63,05	45,98	74,60	62,29	39,89	34,27	25,61	31,12	63,29	55,38	55,85	68,44	51,22	35,73	20,95	33,16	67,10	42,27	47,05	53,87	37,50	56,62	49,98	49,02	63,62	64,55	75,23	55,32	67,86	70,59	71,15	65,95	54,16	43,04	58,95	57,37	67,67	61,41	57,61	65,92	49,63	41,05	62,06	71,13	62,57	53,70	40,38	72,25	47,71	40,59	52,34	39,80	69,63	60,13	38,68	35,61	30,85	41,86	57,59	38,86	46,67	66,77	51,80	40,28	21,21	45,91	60,43	53,97	44,32	46,68	46,90	71,63	50,83	59,48	69,97	56,19	76,02	80,16	63,15	69,64	76,45	71,34	66,27	60,01	63,09	57,65	65,55	61,35	60,75	70,42	52,55	39,12	44,73	65,41	78,53	49,07	50,56	75,98	69,83	54,30	51,66	57,22	83,15	77,56	23,39	21,83	52,32	43,46	65,52	37,12	49,57	75,59	47,46	38,88	29,70	44,26	73,32	47,84	56,82	50,67	35,54	59,72	46,17	49,98	66,72	70,98	68,01	62,45	63,17	66,98	58,67	65,96	53,85	55,77	62,86	64,15	62,14	55,95	59,65	76,07	49,85	43,64	55,94	75,51	71,20	42,13	32,28	70,49	58,05	49,40	35,73	42,05	59,07	52,79	32,15	42,51	38,40	54,89	67,17	50,47	53,79	71,53	54,41	42,02	22,35	44,34	68,40	49,42	50,13	48,38	40,40	58,41	51,98	55,96	60,32	62,42	73,78	65,72	72,73	76,47	63,59	72,46	65,39	59,20	74,09	50,68	56,16	64,12	61,75	78,20	63,84	45,22	54,77	66,02	80,19	55,66	36,69	69,52	42,46	41,95	48,98	46,68	68,52	57,54	33,83	26,79	32,02	41,32	54,92	44,81	57,54	65,88	63,86	39,50	21,36	45,83	60,87	42,75	58,95	60,80	35,27	61,27	39,77	56,68	54,88	72,53	73,32	65,62	75,52	75,38	66,88	73,12	59,71	55,91	68,69	55,43	61,03	69,78	59,40	75,28	69,11	57,68	68,15	68,60	73,68	47,20	51,33	75,34	50,51	49,24	44,05	42,68	73,54	64,56	30,72	19,94	24,05	29,27	60,64	49,75	46,30	64,55	60,03	42,42	17,76	41,66	64,42	37,81	41,37	41,95	35,01	52,21	45,56	54,86	61,75	80,00	79,71	69,47	52,97	76,32	63,11	60,32	66,48	59,13	54,97	57,29	70,00	62,46	66,76	74,38	62,87	37,20	65,23	68,75	75,87	38,65	44,61	67,18	45,34	50,64	37,95	36,44	71,61	57,43	47,27	32,90	25,83	35,20	68,30	60,00	49,27	74,48	54,41	36,26	30,22	41,79	71,51	44,78	51,45	56,05	40,96	64,99	63,91	69,39	73,48	61,97	79,44	72,31	54,87	72,85	80,50	65,80	63,76	56,19	69,30	54,05	64,99	69,36	58,98	68,51	46,80	44,70	50,95	71,91	70,17	48,66	68,54	73,14	38,03	45,77	51,62	38,56	65,50	55,14	35,06	27,22	23,06	24,05	70,34	31,23	30,55	62,06	61,34	29,52	25,75	27,55	51,09	44,41	41,77	48,72	36,40	55,92	47,25	53,59	72,07	68,20	75,44	62,17	67,09	84,09	72,41	81,06	65,00	60,90	74,92	53,00	58,75	66,58	64,31	74,57	58,55	56,71	73,93	69,19	76,69	44,94	42,96	75,88	52,98	51,38	46,99	43,04	72,68	65,89	29,30	26,87	23,49	26,63	78,53	40,40	71,62	69,87	46,29	34,42	31,20	42,59	56,25	47,13	49,68	43,58	43,31	71,10	49,14	61,08	61,48	65,97	77,61	70,37	53,92	57,90	66,59	62,25	66,98	54,29	60,38	62,10	60,78	61,66	67,00	84,77	69,90	50,63	66,30	66,07	52,62	54,28	51,08	74,89	68,66	69,53	52,33	53,93	78,83	66,06	38,75	28,36	23,89	37,18	71,97	42,79	42,06	76,29	56,23	42,48	20,92	58,01	71,17	48,47	54,07	57,18	52,59	71,00	53,83	66,86	74,33	71,55	75,72	76,63	75,88
-3,00	76,49	63,10	81,81	78,13	63,30	77,24	88,30	70,79	87,54	84,34	69,83	86,16	59,60	64,83	42,02	45,20	72,68	38,54	43,58	71,68	42,38	68,49	78,42	43,03	77,23	41,69	40,78	40,03	54,28	48,82	41,20	22,78	47,76	17,80	18,40	44,91	28,54	19,27	42,49	36,80	52,88	56,57	57,39	71,88	54,23	65,74	60,83	51,03	58,19	65,37	76,68	76,19	75,91	66,95	61,89	67,50	62,80	70,67	69,89	68,01	50,91	66,67	66,43	62,97	38,93	41,86	58,87	34,60	31,53	49,76	35,31	70,32	48,61	39,27	33,11	18,87	18,05	39,85	44,92	72,75	46,96	22,11	53,00	19,60	22,48	44,56	15,58	23,83	49,57	42,73	56,58	34,01	59,79	56,45	43,95	49,87	66,84	64,51	54,72	62,73	75,43	72,60	68,13	65,46	68,12	66,49	59,94	76,89	64,23	69,36	43,87	63,49	43,05	52,55	40,92	38,49	47,89	25,60	22,41	63,73	31,10	51,52	73,93	49,89	24,26	23,56	17,02	24,34	33,58	65,55	53,65	25,84	58,83	29,74	23,67	42,88	42,27	26,19	27,92	36,52	54,47	54,24	65,08	64,47	70,57	51,16	67,93	62,82	65,99	72,20	70,75	70,90	79,12	66,46	66,08	65,42	68,23	65,04	73,23	69,63	42,37	58,36	44,98	47,12	29,25	28,58	33,31	23,41	22,93	25,99	36,08	54,27	53,22	46,95	18,53	16,40	25,47	22,05	43,17	66,06	50,90	25,45	46,02	11,76	14,62	23,32	14,46	13,76	37,19	33,87	53,35	40,64	79,51	72,18	49,66	47,78	57,10	64,61	48,30	76,84	74,64	79,00	74,74	72,03	80,56	58,23	64,47	62,21	77,52	72,35	36,27	59,55	43,79	41,01	40,87	39,47	45,00	28,77	31,86	49,90	31,16	58,32	71,46	51,54	26,62	33,52	28,67	25,00	25,08	44,25	39,35	29,82	42,21	14,56	15,74	24,64	23,57	18,16	30,36	37,79	56,35	44,13	59,68	57,49	59,04	56,87	66,68	50,71	45,35	70,38	57,21	78,19	74,74	52,06	51,97	71,40	61,71	57,63	73,27	59,14	41,37	66,32	53,49	44,04	23,11	19,54	26,23	21,56	18,05	28,45	23,49	44,80	69,46	61,37	18,54	21,28	16,36	23,91	38,92	59,43	52,72	26,10	41,97	17,22	17,89	23,36	24,00	37,13	35,98	49,57	63,96	36,42	54,13	66,99	50,56	49,70	60,12	66,19	58,85	75,20	59,78	49,10	71,63	67,66	67,47	60,17	52,46	51,89	58,29	74,28	43,52	67,15	52,33	59,93	27,90	20,80	32,62	21,84	15,51	30,04	19,47	52,31	57,78	31,55	13,81	13,49	13,24	21,93	30,76	58,87	53,49	27,43	53,52	15,66	15,62	19,25	14,97	15,09	25,80	29,01	64,94	34,64	69,50	54,56	53,04	58,22	61,47	57,04	55,02	64,11	68,40	65,51	80,26	73,93	67,64	48,88	58,63	64,89	79,82	77,20	36,82	61,18	44,36	43,68	33,79	30,81	46,75	30,63	21,81	38,28	23,80	52,05	59,28	48,30	25,35	24,60	16,88	30,51	28,54	62,39	39,76	30,93	48,94	26,49	13,15	25,42	12,76	18,45	27,09	22,68	56,03	46,45	57,18	64,46	60,03	49,13	66,39	65,85	58,80	71,40	68,50	69,64	69,78	62,33	69,62	68,78	52,90	62,12	59,61	65,66	46,42	50,66	40,88	39,91	23,42	18,93	24,79	20,96	14,83	24,66	15,97	53,17	68,05	47,88	15,48	15,56	15,01	24,04	31,31	61,08	62,66	39,16	62,96	20,80	14,33	23,36	15,37	15,08	24,86	38,87	61,15	39,27	50,07	61,17	64,70	54,99	70,36	75,58	64,13	65,58	55,36	63,12	68,69	78,60	64,06	58,38	54,29	54,01	62,19	80,34	55,97	50,22	32,66	55,18	32,55	25,76	30,99	22,85	19,64	34,50	18,49	51,51	51,53	27,99	15,07	24,80	17,43	23,78	21,14	51,89	50,39	25,57	32,74	20,05	15,48	28,28	14,86	21,14	28,88	42,16	54,25	26,74	54,98	47,42	49,40	52,79	69,05	62,03	53,64	57,88	78,29	66,17	74,12	75,47	74,17	59,37	53,70	58,34	73,36	75,07	43,24	64,51	40,67	41,50	43,25	32,80	33,46	24,80	21,02	36,97	21,10	56,54	58,32	30,44	20,11	21,34	24,50	30,72	29,53	73,43	51,53	40,86	56,92	15,03	21,58	15,23	16,87	23,39	22,33	28,13	41,43	32,30	62,77	54,89	54,53	51,39	67,80	68,22	56,73	66,18	55,42	73,86	77,50	61,23	56,70	61,29	45,82	68,23	74,06	65,89	38,02	49,81	39,75	49,02	27,82	26,12	37,57	24,43	23,04	34,08	27,25	58,13	74,42	36,25	21,74	34,69	17,20	21,22	25,71	42,05	45,03	29,56	41,05	23,87	23,33	26,17	22,65	21,73	34,99	32,94	62,76	56,74	76,95	66,59	56,67	52,14	61,86	66,98	59,31	52,13	78,30	77,13	68,97	67,62	76,00	70,53	58,73	69,40	66,60	71,37	40,53	53,00	49,88	48,58	20,48	37,42	32,49	20,06	17,59	23,79	27,10	53,73	63,83	31,81	19,43	18,66	21,80	50,42	55,66	58,07	33,49	21,01	56,53	25,51	17,41	37,45	25,29	21,67	27,55	43,90	63,70	33,53	51,95	54,26	54,84	62,31	62,20	65,50	62,13	69,67	65,47	76,57	71,76	49,89	61,00	62,03	70,15	65,88	67,19	63,76	42,43	49,48	34,35	46,25	26,27	24,39	42,37	29,95	31,77	46,89	29,56	43,42	47,20	29,33	36,27	48,38	37,25	32,00	31,57	48,53	67,70	40,62	40,83	15,65	12,98	22,25	14,36	15,14	30,34	34,02	57,63	36,47	71,11	70,30	62,59	55,71	53,63	57,58	62,84	70,39	64,50	72,76	76,85	61,75	68,98	66,27	75,98	65,24	72,75	77,48	51,07	60,89	51,26	58,59	24,05	23,90	23,06	18,77	15,23	21,05	20,76	49,85	59,18	40,66	22,76	20,27	25,09	29,00	42,18	51,17	43,20	35,91	43,43	28,58	23,76	26,36	22,10	35,60	36,24	44,88	54,52	51,48	76,86	66,91	61,44	56,29	58,25	49,61	54,12	55,63	68,88	63,29	63,11	64,98	54,46	69,10	56,33	74,15	71,56	63,16	56,13	58,78	40,18	47,31	29,19	20,36	26,70	17,52	14,33	19,97	20,77	62,94	71,84	44,19	16,09	15,49	13,49	23,93	27,62	39,44	33,18	30,24	47,19	19,35	19,65	16,02	15,62	19,76	24,16	26,12	47,88	38,16	69,20	62,28	57,25	52,90	63,01	49,81	52,34	62,08	54,58	58,99	72,44	60,36	61,11	55,51	55,48	69,52	67,21	67,57	43,81	64,51	52,92	52,42	29,41	17,64	26,54	27,69	15,73	28,25	23,13	41,80	63,31	42,96	21,82	17,28	20,85	20,63	31,66	58,70	39,21	38,64	40,86	14,01	13,68	21,57	21,22	16,70	42,08	32,89	57,01	39,83	60,36	77,75	66,42	65,39	71,64	66,50	50,99	70,63	56,86	42,10	71,14	55,69	55,74	73,62	58,63	43,55	61,14	62,11	45,43	69,25	45,54	54,11	29,75	21,71	23,85	16,58	17,21	27,00	18,11	51,94	64,28	60,30	18,23	20,94	20,88	23,69	29,83	52,10	45,10	29,21	51,11	20,91	15,88	26,63	29,19	29,93	41,24	24,77	63,45	41,87	42,34	47,43	46,67	48,03	60,22	71,70	63,16	71,94	76,93	75,56	67,99	60,69	55,73	64,09	71,22	64,07	60,55	65,56	47,82	51,76	44,93	56,18	29,72	21,26	24,38	17,11	15,06	24,95	18,94	41,99	65,04	33,82	18,01	15,93	15,45	32,26	26,04	52,87	54,19	44,22	74,03	13,62	12,67	16,87	12,66	12,37	21,89	30,13	47,16	46,57	58,97	62,70	61,10	61,10	55,00	69,14	61,40	70,49	66,24	67,45	70,53	61,44	55,75	58,34	53,02	64,32	77,80	74,38	46,96	57,10	28,54	51,27	24,97	22,75	27,31	20,04	18,26	29,12	24,29	61,26	77,50	48,83	17,19	26,46	20,17	35,56	46,05	59,47	50,49	22,19	55,74	19,61	23,33	21,00	14,81	17,29	24,13	33,68	66,35	50,47	73,41	77,61	73,61	69,43	73,82	68,15	64,08	73,61	75,42	73,34
-2,00	77,27	77,63	90,52	84,08	80,77	70,29	88,48	76,38	88,75	75,94	72,30	86,56	50,08	89,48	67,51	63,59	80,40	85,16	74,41	69,43	69,14	51,44	58,70	80,80	62,47	78,29	73,61	74,53	52,02	46,95	48,20	62,15	51,55	63,53	53,73	43,24	35,45	26,78	78,03	46,96	62,62	54,60	47,05	75,25	59,79	72,12	52,49	60,16	78,70	76,54	57,61	66,54	66,24	69,60	75,09	58,48	76,31	69,32	78,94	52,23	59,25	77,93	55,40	61,73	62,03	40,73	71,34	87,29	65,19	35,42	57,92	30,80	59,31	51,21	63,36	70,66	59,84	50,01	22,27	44,36	27,17	37,08	31,95	45,92	54,92	52,34	36,07	17,64	41,53	31,10	49,55	42,05	50,93	75,44	51,69	57,38	42,50	57,82	70,32	74,04	68,31	69,39	70,76	81,89	77,02	63,37	63,78	61,01	83,77	56,21	63,43	65,32	39,37	75,94	50,30	34,02	55,86	79,63	57,76	63,00	54,89	36,84	64,16	38,48	45,23	47,15	57,75	51,76	33,41	62,89	38,03	62,69	48,82	47,93	65,48	37,79	34,59	21,98	78,18	35,93	47,04	42,99	55,89	73,53	52,62	66,12	62,68	71,92	76,74	71,94	68,84	73,60	69,39	66,29	70,45	57,22	59,26	49,48	64,96	35,66	48,51	70,66	55,49	67,59	39,07	39,89	59,61	82,19	69,30	57,68	48,61	41,09	54,13	29,51	26,00	34,01	48,03	47,63	26,11	52,77	46,77	34,08	34,78	46,26	72,03	50,68	31,16	41,90	62,62	43,50	62,82	49,19	50,93	78,67	70,00	75,44	45,09	74,78	63,58	57,97	67,37	53,43	63,49	82,80	80,20	51,26	67,31	69,95	69,84	41,62	60,46	68,67	44,64	75,48	53,70	42,34	71,56	70,17	65,65	53,32	56,57	44,51	52,92	63,55	52,35	66,11	49,42	48,72	24,71	52,31	29,85	43,58	37,14	58,04	72,56	49,64	47,83	35,49	65,20	49,66	54,89	58,74	51,88	71,29	52,88	58,57	42,94	73,61	69,15	66,01	65,38	63,62	66,48	72,74	73,86	66,56	54,17	40,86	49,06	26,55	29,88	53,05	54,86	75,80	58,32	30,46	66,43	74,83	58,15	38,93	60,78	40,35	51,77	38,79	53,80	57,61	47,62	43,72	32,15	61,41	26,72	37,11	51,71	46,40	58,06	50,21	37,01	25,61	69,21	42,89	61,99	58,15	39,09	66,82	58,32	60,56	47,61	62,54	74,82	68,69	59,69	72,46	77,82	73,26	71,02	50,39	60,72	47,94	56,88	25,52	29,53	43,77	43,58	78,33	36,54	35,97	63,14	65,91	43,09	48,76	47,34	32,40	35,81	29,70	35,37	44,80	53,27	49,53	26,81	53,45	29,15	58,93	34,80	52,97	66,48	47,57	31,66	18,99	57,94	33,14	58,24	43,89	43,87	78,22	42,11	62,08	47,83	69,72	69,62	80,29	69,17	57,77	68,33	69,78	79,64	57,45	59,83	60,76	71,66	43,20	53,39	56,67	53,84	67,48	33,21	26,65	60,07	80,69	54,18	51,67	49,15	44,96	47,58	30,50	31,64	49,24	54,58	46,22	25,77	32,29	28,82	48,88	38,42	43,36	50,51	52,50	35,72	27,22	55,13	41,78	43,44	56,21	44,59	81,24	52,50	57,30	53,51	71,65	62,73	63,19	70,23	58,11	65,39	78,36	77,20	66,19	54,70	44,64	49,72	29,06	28,57	51,45	46,88	77,24	46,69	35,70	54,73	82,56	69,45	52,73	36,55	27,95	55,70	38,49	53,06	56,21	51,04	48,34	25,04	48,80	28,79	36,96	36,81	47,75	63,07	52,72	48,50	34,95	72,41	33,02	67,49	52,90	51,12	76,67	63,47	67,50	50,40	71,86	65,46	64,85	63,00	79,16	77,36	62,73	74,20	50,41	70,52	52,13	57,25	28,46	32,86	48,77	47,68	74,59	47,47	31,01	67,40	81,72	76,21	50,54	41,35	39,27	57,27	33,33	37,35	37,52	57,11	48,59	33,74	57,41	29,73	44,20	40,48	46,76	54,36	33,26	32,77	22,93	62,98	32,91	57,43	39,10	62,94	70,05	51,74	59,25	38,17	59,54	69,45	72,44	77,28	60,92	77,59	83,77	60,74	50,35	68,59	55,55	67,80	39,06	44,15	51,88	51,45	81,83	63,61	52,70	70,14	66,20	58,10	36,90	44,26	26,76	35,21	24,24	48,50	37,88	62,22	53,29	44,06	74,94	32,41	50,94	36,57	64,68	69,26	41,01	35,18	29,48	76,40	28,23	62,46	52,53	48,83	73,68	56,66	60,95	53,35	74,31	61,66	75,05	75,37	74,56	65,01	72,15	69,65	57,90	62,96	43,51	62,21	32,28	30,98	59,82	51,38	82,95	45,88	33,49	41,55	45,77	53,97	61,65	46,76	26,93	50,85	38,15	46,27	71,05	51,23	46,76	31,30	58,05	25,07	32,92	31,40	56,63	74,62	58,77	53,30	64,29	68,19	36,21	57,48	42,64	50,23	61,54	56,88	59,56	48,18	50,62	74,36	70,34	63,52	68,29	60,48	78,39	71,56	53,05	51,09	47,51	53,32	35,75	33,76	58,62	46,00	71,03	58,65	34,67	59,56	74,22	59,27	60,53	56,35	36,46	57,85	33,55	29,76	47,03	61,92	52,82	26,96	55,28	26,73	40,31	41,49	39,48	68,63	58,05	44,52	24,04	53,43	37,35	73,75	59,29	37,04	75,64	59,23	72,61	50,04	70,33	69,77	71,88	68,33	72,16	71,22	82,46	65,88	58,97	66,65	50,53	56,92	37,60	39,30	58,56	47,35	71,23	50,88	33,67	53,49	79,29	73,70	45,18	43,30	28,02	65,04	41,76	39,68	55,48	50,31	42,95	28,40	43,50	41,71	31,46	41,27	36,67	40,76	59,35	33,41	47,99	79,83	37,34	49,08	37,06	56,63	68,93	52,91	65,86	42,75	66,63	64,99	63,34	76,20	80,58	68,35	63,75	71,04	54,09	60,07	42,76	56,46	26,32	35,30	43,65	52,60	77,21	50,42	40,75	52,07	73,23	59,31	51,54	50,15	39,10	59,61	35,10	44,03	54,06	42,97	38,25	24,74	37,04	29,98	45,68	36,70	42,46	57,05	31,26	45,08	40,87	70,54	29,58	32,39	51,21	41,89	67,40	60,55	67,78	47,52	62,62	78,42	73,99	76,22	68,04	69,56	82,19	69,92	66,95	53,61	40,20	50,16	31,85	23,35	49,34	59,44	76,29	37,57	35,97	35,14	66,28	50,13	33,70	39,55	22,58	41,40	24,34	41,79	48,18	56,08	49,42	35,96	27,76	24,41	37,31	29,98	48,91	78,80	49,98	46,53	38,04	68,63	34,00	48,22	51,50	45,57	73,69	44,08	65,47	46,91	63,84	66,36	71,73	72,61	63,56	75,31	80,44	66,21	58,71	53,88	41,75	52,34	34,16	27,35	50,24	64,15	76,30	54,09	33,92	68,84	74,75	67,62	54,83	45,81	30,73	45,09	46,75	46,08	54,57	58,00	51,50	28,97	52,82	26,88	36,90	30,58	56,91	68,41	44,25	37,71	33,02	68,19	49,67	73,47	64,95	47,95	69,69	52,20	67,50	45,79	60,13	73,26	70,34	57,19	64,72	64,80	73,03	58,81	56,39	42,42	36,24	53,68	39,28	26,29	44,66	58,09	83,54	48,23	43,05	58,31	71,62	65,67	48,41	51,01	39,83	61,58	32,78	49,47	56,90	53,71	43,87	21,12	43,44	25,78	60,42	62,03	53,16	65,92	51,28	34,78	21,60	69,60	34,12	57,13	48,06	46,09	78,00	36,32	52,61	50,44	73,55	76,50	76,27	76,48	70,64	69,52	80,36	74,39	54,82	56,37	40,56	50,99	26,37	27,15	43,33	57,03	88,55	41,89	31,26	50,25	50,94	47,37	36,10	51,50	39,33	47,63	33,34	43,58	54,99	51,29	40,49	29,83	62,29	73,42	49,35	58,99	44,79	60,72	42,44	37,72	46,03	72,28	37,34	62,33	47,04	47,94	64,80	59,72	57,96	62,70	64,72	80,03	66,93	69,56	71,66	66,85	65,23	70,96	54,84	62,98	60,66	57,44	35,69	38,79	47,20	49,99	78,80	50,77	36,52	69,59	80,81	67,11	41,92	38,21	34,32	61,06	30,47	53,84	80,38	56,07	52,60	40,30	53,98	53,74	40,79	37,96	48,71	65,81	38,74	37,59	37,72	75,51	37,02	63,56	63,16	61,78	77,46	62,67	66,73	67,60	77,76	90,88	79,70	69,28	79,57
-1,00	70,26	55,83	72,17	73,83	76,88	88,28	84,33	92,12	91,69	73,78	82,70	69,36	82,90	82,06	80,30	65,22	39,20	70,71	74,88	89,05	83,92	62,35	88,48	88,93	91,25	84,07	71,10	86,12	79,97	36,57	39,73	45,51	45,33	54,41	51,54	58,50	49,68	60,22	65,03	48,08	60,76	47,69	49,28	52,33	56,60	56,35	75,95	47,48	32,06	55,45	45,52	53,77	76,12	69,93	73,66	80,79	64,71	75,23	88,49	72,05	75,63	79,76	66,81	68,84	60,70	67,29	39,07	53,41	29,70	31,65	24,41	18,66	30,92	55,61	66,82	77,88	81,43	86,27	68,66	32,25	43,82	46,31	38,92	36,75	39,16	14,09	45,83	61,99	47,73	39,49	55,87	48,74	43,12	52,27	49,58	44,99	75,99	57,04	47,41	61,02	59,56	65,85	74,67	67,25	69,10	77,77	81,87	76,36	84,61	75,80	61,76	67,26	77,14	78,07	54,36	62,72	37,08	45,56	41,07	28,20	22,28	16,93	36,43	66,45	78,09	78,99	79,04	83,25	79,88	29,16	22,24	37,79	35,78	43,66	36,36	13,72	37,70	52,73	63,47	65,71	43,37	36,50	45,91	41,83	61,45	59,73	77,29	52,52	50,40	65,17	56,48	62,53	76,90	65,52	78,03	70,60	71,97	89,16	80,79	74,47	64,24	62,25	70,19	69,03	55,18	60,58	48,50	64,25	43,28	31,79	24,08	16,38	22,53	46,51	66,89	79,88	77,92	76,35	75,13	33,76	30,41	42,50	53,43	37,83	25,28	12,79	41,63	40,17	61,76	61,32	57,23	33,14	43,22	53,68	56,92	54,20	63,37	43,99	40,60	59,41	59,89	57,48	71,12	67,05	66,21	67,75	71,77	77,57	52,87	59,35	64,42	52,58	64,07	74,72	49,69	43,79	26,32	48,18	49,74	43,79	26,24	20,11	23,25	58,96	66,69	81,96	72,34	81,07	72,20	39,83	30,56	43,68	54,50	42,44	37,72	13,15	36,60	20,57	56,02	64,06	52,15	31,37	52,55	46,73	49,50	52,04	71,13	36,25	41,34	53,60	45,00	51,45	72,50	63,25	57,52	75,67	76,10	82,08	69,94	67,67	64,06	63,50	76,83	71,80	51,96	59,10	46,40	55,56	48,30	33,58	22,04	15,26	29,49	53,54	60,37	65,11	79,40	79,38	72,19	27,97	24,11	31,92	36,16	32,66	27,13	11,11	38,53	44,68	65,81	61,46	43,43	43,22	47,50	50,35	56,01	41,79	62,01	44,05	36,89	62,31	52,19	59,51	69,78	63,25	66,89	83,93	64,78	74,25	76,06	72,09	55,44	61,21	53,55	73,85	37,65	49,43	47,18	58,07	50,05	31,35	28,35	18,14	25,03	47,32	62,26	80,41	67,53	71,24	65,99	29,22	22,24	42,29	53,80	44,61	27,13	13,41	43,02	27,39	58,90	62,11	50,91	30,10	47,83	48,09	55,27	55,22	75,54	49,42	50,32	56,13	44,10	52,05	75,86	63,10	62,43	76,92	79,92	71,27	65,66	54,96	60,22	52,50	63,07	64,94	41,07	58,21	38,80	45,41	44,80	23,21	20,50	17,81	23,85	51,48	63,15	79,44	69,44	77,86	60,02	26,88	29,95	29,27	41,59	34,48	19,52	18,36	42,91	52,90	63,16	70,15	43,64	48,59	42,25	43,08	41,15	48,26	73,52	45,82	40,53	49,19	43,76	55,98	73,72	63,05	65,59	80,30	69,63	74,46	70,75	62,07	63,20	54,60	65,22	77,25	43,56	62,46	39,41	58,74	41,58	23,11	23,73	16,05	25,43	49,11	61,16	79,52	80,60	84,77	85,83	31,72	32,60	42,55	39,89	39,45	29,58	11,61	41,54	43,06	43,99	53,78	57,19	28,39	39,42	50,76	50,36	47,38	79,50	46,34	42,04	55,29	41,25	55,73	68,57	53,48	61,22	84,69	78,45	75,96	77,88	57,47	56,51	73,09	74,63	76,25	45,19	59,98	45,32	48,04	40,41	25,43	23,61	15,83	25,82	55,30	69,30	77,11	80,48	77,22	74,67	28,39	29,19	31,57	28,20	25,98	21,98	13,74	29,99	32,64	42,56	48,64	39,37	55,21	43,00	50,70	59,46	47,82	73,14	54,65	44,23	46,46	54,13	63,27	75,43	64,13	56,91	70,58	58,15	85,75	80,04	69,94	68,14	61,50	71,74	78,04	63,04	66,27	41,75	51,57	57,60	31,25	31,92	23,86	37,84	54,21	54,12	72,17	75,96	77,91	71,89	36,40	44,18	29,62	49,74	39,27	28,56	10,66	53,09	31,45	54,87	52,16	39,98	37,66	38,45	45,30	56,07	50,93	70,62	47,51	40,85	57,59	50,85	59,35	68,35	53,99	66,09	79,06	73,50	80,16	74,37	58,39	61,76	52,65	73,58	74,34	54,91	60,56	36,05	35,58	42,59	31,81	24,21	18,28	32,36	61,59	58,21	78,89	77,52	78,75	77,19	48,09	32,88	46,21	40,34	39,80	26,49	19,05	57,38	38,03	57,29	67,80	56,37	44,67	47,24	53,35	65,18	42,27	78,20	60,96	51,68	65,94	55,36	49,94	71,56	65,06	66,73	81,44	69,28	76,85	67,70	71,65	70,68	67,60	68,99	73,86	59,74	59,58	46,41	51,50	49,20	38,72	22,26	19,02	22,34	41,59	43,28	47,59	73,09	79,31	76,14	29,11	30,75	15,88	33,62	36,94	30,27	15,29	41,61	44,42	63,42	57,82	44,70	51,24	44,74	57,60	55,77	50,69	75,24	52,56	38,15	52,53	40,44	44,73	65,92	69,56	70,25	78,63	68,87	78,54	84,25	75,84	65,16	60,02	53,54	71,27	63,05	60,23	39,73	53,87	47,91	40,32	19,60	22,05	33,70	53,51	57,26	54,17	67,58	65,27	75,01	23,86	20,02	30,81	36,82	33,34	24,91	21,45	30,12	46,34	64,95	57,64	46,44	34,04	40,66	46,90	55,30	45,81	66,15	48,43	42,64	48,92	45,29	55,46	74,88	65,56	69,52	78,99	76,37	86,56	79,80	67,86	74,31	59,67	61,89	66,83	46,96	48,64	35,79	44,34	47,96	30,11	22,94	18,17	27,91	58,42	59,93	63,72	76,85	77,51	66,52	26,39	48,27	32,89	36,90	32,20	31,68	15,16	51,81	51,79	57,86	56,83	41,90	42,49	52,11	55,17	57,07	51,19	70,79	54,57	47,26	54,59	48,35	62,70	70,35	60,90	64,78	73,72	74,27	67,94	74,07	80,13	66,12	55,78	72,80	72,03	55,86	62,18	32,26	44,18	46,57	38,14	24,38	17,19	24,34	54,23	59,66	79,19	73,34	83,58	74,64	21,81	33,93	40,07	43,39	37,27	24,22	12,40	50,79	47,66	48,36	38,51	38,56	32,07	40,76	38,16	54,27	48,85	79,54	53,55	46,75	56,68	41,93	61,88	77,29	65,15	65,52	76,52	69,01	78,89	79,16	74,08	61,81	56,55	66,95	74,77	51,92	47,43	33,17	37,62	39,18	30,60	21,60	16,50	28,34	48,01	56,30	63,09	79,15	81,55	80,78	47,55	30,14	41,98	47,27	37,94	23,43	12,87	28,30	37,98	64,15	64,27	44,88	33,35	36,17	64,46	53,98	51,52	64,80	41,35	43,96	52,59	51,08	61,27	75,21	57,39	60,63	77,23	49,45	75,02	86,40	75,34	70,63	75,17	76,32	62,46	58,40	73,62	33,90	42,31	53,57	46,05	33,64	24,13	23,35	60,07	65,26	66,61	69,04	79,51	76,50	40,83	22,51	32,10	31,49	40,57	36,22	15,47	36,58	32,00	52,73	57,58	43,53	47,66	54,74	67,96	62,11	55,27	65,34	49,99	46,82	65,76	60,42	60,86	68,53	68,36	68,00	80,28	66,29	68,36	86,24	70,77	71,18	67,66	78,61	71,55	36,18	52,07	39,52	46,84	51,19	40,83	23,48	16,95	22,83	51,20	62,57	71,92	70,20	79,30	68,43	41,96	37,21	41,05	54,24	39,81	30,02	18,36	46,63	49,88	59,86	63,72	48,13	58,76	60,28	54,89	65,44	46,00	69,24	48,49	38,90	65,99	69,48	61,53	68,35	62,99	64,01	79,45	62,55	80,97	85,22	81,75	61,89	55,93	77,28	67,58	55,57	64,90	39,46	55,29	44,97	33,24	17,39	15,96	31,07	60,46	68,51	72,03	76,27	77,43	80,26	40,04	58,47	44,67	56,70	43,61	34,83	13,51	59,29	39,07	64,50	63,05	46,85	56,21	72,71	76,00	77,25	77,88	82,52	59,89	50,00	81,39	72,58	84,51
0,00	93,40	87,97	83,67	80,24	82,93	79,01	77,99	94,02	90,11	73,53	70,26	56,76	60,46	73,64	56,96	52,70	65,97	68,44	59,20	62,50	75,54	73,98	76,09	71,55	94,55	79,19	66,18	82,46	63,19	51,33	77,17	44,69	69,61	60,39	47,22	35,18	37,05	33,53	50,21	45,27	54,37	57,06	73,74	55,27	74,96	67,91	58,24	53,07	63,10	76,60	75,78	71,69	85,27	89,80	78,83	84,20	82,67	78,64	85,58	78,81	71,81	55,65	56,99	60,90	54,40	61,62	55,07	60,66	56,12	77,81	58,46	57,36	20,53	33,37	38,25	21,98	29,55	62,63	40,19	34,24	32,28	43,03	69,89	63,24	56,42	45,09	50,86	28,84	41,12	38,40	36,98	48,67	53,24	60,72	79,75	69,57	69,93	63,32	78,46	74,16	66,90	72,67	74,35	85,92	71,16	68,84	75,21	83,68	75,97	75,67	70,20	51,41	42,18	55,15	61,38	43,07	45,78	34,35	44,83	36,45	67,73	55,26	25,08	35,31	47,71	30,85	26,74	68,46	49,91	35,55	45,56	46,05	62,76	44,25	49,04	31,31	37,78	34,37	46,63	37,71	36,53	44,56	56,57	51,85	62,87	69,63	65,32	67,24	88,03	66,29	80,19	70,53	73,24	74,83	76,36	83,46	78,05	86,03	67,96	76,07	71,18	54,71	51,51	56,10	31,79	66,75	61,27	61,32	65,52	49,98	60,93	35,69	27,83	48,89	52,10	39,36	36,73	78,73	56,51	47,87	41,76	37,73	35,95	65,79	37,86	36,54	36,61	30,16	34,13	35,84	40,32	42,40	59,09	59,47	64,77	59,69	65,69	66,97	82,96	73,86	80,90	75,94	76,92	75,78	56,24	68,46	52,81	56,76	65,21	66,82	61,80	54,19	60,86	69,54	35,48	60,88	63,32	61,28	59,07	54,78	68,19	43,01	21,59	41,65	56,36	39,73	32,96	65,76	55,90	40,22	49,51	67,83	72,94	61,70	53,42	31,05	33,49	28,93	43,54	42,74	44,80	59,69	59,33	59,52	60,81	67,72	63,10	68,64	75,65	65,48	76,19	63,34	68,47	70,82	70,11	67,68	72,27	73,77	75,43	70,66	65,71	52,66	60,51	63,91	45,37	66,06	74,65	61,77	70,58	51,16	56,30	37,27	18,21	33,94	44,85	30,80	30,77	67,78	63,64	33,82	48,86	44,18	59,69	60,94	56,85	34,14	36,15	26,86	50,53	34,81	32,03	48,84	47,70	59,99	59,23	48,83	66,20	78,19	86,47	83,21	71,58	73,70	70,50	86,60	70,50	63,23	74,20	70,05	62,70	65,13	50,22	47,66	47,38	57,18	45,65	50,89	48,71	59,93	61,93	51,76	46,95	56,29	26,70	45,84	47,33	32,40	25,50	58,51	43,25	31,59	49,67	41,06	35,87	33,65	34,01	35,55	44,41	33,62	45,97	24,28	42,54	45,31	65,87	51,11	66,61	63,91	57,63	65,83	85,11	77,13	80,85	72,14	84,75	89,15	65,15	69,01	67,67	80,80	73,72	60,36	50,92	45,90	51,86	67,03	46,45	60,61	64,53	72,03	49,62	69,01	68,45	56,08	19,03	38,99	51,93	32,74	27,85	60,63	56,05	40,82	55,59	50,80	55,46	33,59	44,59	52,57	40,52	30,27	42,27	32,25	29,08	45,43	55,09	52,43	57,15	53,29	50,44	55,91	72,03	59,24	63,93	70,19	73,23	76,28	71,32	71,11	69,56	66,21	57,54	54,30	53,25	61,02	53,52	59,29	41,18	62,23	57,73	71,55	55,06	54,77	66,82	66,28	30,05	46,55	53,54	40,45	35,75	76,85	65,26	55,99	55,11	68,96	61,39	51,84	41,25	32,48	28,34	27,24	32,75	36,58	31,74	43,82	51,69	53,88	76,60	59,37	68,11	72,98	82,37	71,41	82,41	71,85	62,09	73,87	67,71	57,65	81,37	72,60	76,96	75,90	65,43	56,52	56,80	47,07	45,52	54,78	55,26	64,26	56,41	58,75	60,33	58,85	26,14	41,26	42,96	27,12	22,43	57,83	46,20	27,19	55,16	38,79	49,97	40,29	52,90	32,19	35,06	35,39	57,28	48,53	44,82	47,24	51,30	50,78	60,12	51,11	63,20	66,91	74,77	72,29	73,10	69,32	68,53	78,12	61,10	68,59	63,63	79,75	51,65	52,78	74,39	59,67	46,51	54,98	49,02	55,52	54,32	53,14	53,08	49,98	57,07	37,92	31,16	60,85	66,49	44,35	39,81	59,10	46,57	35,42	69,08	57,33	61,19	41,56	52,28	57,80	30,50	34,73	35,18	30,97	30,63	38,55	57,72	58,20	71,81	64,39	65,31	53,12	79,67	73,10	80,08	71,53	78,82	71,26	61,12	50,49	81,61	76,06	64,39	60,97	60,85	45,90	50,93	63,83	54,58	47,39	41,18	53,01	49,56	50,90	64,82	43,97	34,43	40,65	50,37	42,32	36,52	70,74	57,55	40,65	39,83	47,53	61,56	51,94	42,80	34,02	33,46	23,22	45,20	54,23	44,29	40,35	59,69	50,88	77,75	68,47	67,70	61,46	81,32	75,48	68,87	78,99	79,42	79,47	75,94	58,23	70,64	75,19	69,48	76,78	65,21	55,82	50,31	71,19	56,37	69,26	63,54	58,96	32,37	49,91	39,83	38,35	21,94	52,97	55,54	43,63	37,06	61,71	49,47	44,71	49,46	60,10	68,84	48,86	40,82	42,29	44,03	26,18	39,97	32,38	39,18	37,74	55,71	55,48	73,93	67,18	73,49	70,07	85,51	80,71	73,45	72,32	71,93	77,19	64,99	67,73	70,01	74,51	67,82	64,63	62,59	40,71	48,00	57,97	47,58	50,31	49,95	62,10	55,01	65,36	64,14	47,06	24,51	32,29	39,26	27,11	27,64	64,14	55,51	40,24	45,21	42,91	57,63	42,64	51,93	34,29	35,30	40,97	33,44	48,55	46,74	40,29	53,26	59,13	68,76	64,73	57,21	71,55	73,92	81,47	80,49	70,00	78,44	87,86	75,39	73,47	78,43	86,59	73,29	73,06	71,56	50,88	48,08	52,47	44,38	50,39	45,76	51,72	55,30	60,67	72,97	50,51	25,20	43,53	49,78	33,05	34,28	70,01	50,50	56,12	57,57	71,40	43,81	31,42	51,48	34,73	42,79	27,63	58,23	41,24	31,95	40,67	57,10	58,73	63,74	64,03	61,00	69,89	82,04	66,22	71,87	62,17	73,50	74,83	62,37	72,22	71,93	77,06	77,02	69,53	59,79	59,87	69,67	56,87	46,55	60,24	58,26	43,61	45,84	66,21	71,74	53,49	23,20	48,38	58,59	39,79	39,37	71,49	49,92	34,61	52,46	53,47	50,14	44,14	48,12	45,66	36,32	40,93	54,40	26,86	27,47	36,85	53,71	54,13	60,31	73,93	74,74	56,63	75,18	69,94	73,30	69,35	66,74	66,89	64,40	71,55	71,82	82,26	80,99	67,38	55,50	55,00	66,11	33,31	47,15	62,14	65,25	70,38	55,86	57,36	52,57	44,12	19,81	34,29	42,74	28,18	28,35	56,71	51,38	38,20	39,88	37,34	36,34	33,68	48,67	36,81	35,02	33,38	46,51	31,36	49,28	40,94	64,27	64,84	74,17	66,51	62,44	76,79	86,15	69,42	72,72	67,49	73,11	77,68	70,79	71,52	82,59	79,83	76,85	72,08	61,44	52,41	48,62	52,73	47,42	52,17	59,97	68,21	65,35	58,20	50,65	53,40	32,61	48,44	61,11	42,40	31,87	49,30	35,81	29,17	41,89	44,67	48,07	45,52	42,03	38,36	28,80	28,98	48,74	41,23	30,85	43,38	60,40	45,98	64,36	57,42	63,24	62,67	67,60	64,29	54,96	72,25	64,78	72,03	63,27	70,50	76,61	85,33	63,16	70,97	64,75	63,36	73,96	55,10	53,08	58,04	70,11	64,38	48,38	70,35	66,18	45,35	21,33	40,44	53,75	39,47	40,19	74,65	49,02	47,02	56,52	67,04	49,38	33,05	49,56	35,04	44,29	26,47	50,20	37,23	37,87	43,06	56,80	55,42	72,30	76,54	76,24	73,69	77,18	69,08	67,69	60,83	57,18	79,72	64,54	73,46	72,14	87,74	83,70	64,71	83,56	51,85	48,67	70,79	49,65	68,67	64,05	58,32	65,28	52,64	81,89	54,47	18,79	36,36	46,78	37,61	30,88	53,13	67,90	79,92	36,94	64,25	74,68	46,97	65,97	52,07	52,57	39,92	47,02	38,50	37,97	43,55	54,41	55,89	71,68	67,13	62,23	76,94	86,29	87,76	81,38	64,78
1,00	86,39	84,30	88,61	72,55	79,56	90,46	82,02	91,31	88,22	92,63	79,43	66,13	76,33	83,08	63,55	77,32	42,52	76,67	60,70	72,08	61,67	59,52	50,92	74,48	83,82	80,64	86,25	82,57	82,16	43,99	44,04	45,90	50,01	28,49	35,42	27,39	44,89	47,22	47,22	37,97	49,32	45,69	79,39	57,62	64,43	65,46	74,47	79,49	66,95	85,01	77,63	73,71	81,26	78,55	73,37	68,71	56,32	58,42	53,08	56,27	71,16	57,74	80,32	75,46	46,58	68,52	42,99	67,26	66,74	61,13	57,10	30,59	26,41	37,66	39,92	44,88	64,91	46,86	49,82	21,80	16,26	65,78	52,99	46,09	70,18	24,91	35,28	31,94	55,37	65,64	43,17	32,90	74,68	74,09	73,40	60,46	77,52	73,13	69,01	65,88	71,60	81,32	74,50	73,25	70,54	79,25	47,63	54,39	48,26	57,57	76,28	54,41	67,92	51,90	51,57	57,27	45,77	64,08	44,23	46,16	53,14	37,74	22,42	43,15	47,84	58,71	64,88	51,23	50,47	17,47	17,81	60,11	29,15	35,21	53,47	22,94	47,39	29,34	59,52	69,42	47,15	43,47	79,53	63,09	74,94	58,39	69,86	68,36	67,72	72,69	42,45	40,15	56,99	46,20	50,21	75,83	38,96	32,19	26,48	35,12	32,11	64,48	77,87	62,75	43,55	75,75	37,81	54,21	53,57	50,19	50,90	38,99	44,77	56,81	61,97	80,07	76,90	57,44	53,79	19,39	16,16	49,12	46,99	43,88	63,58	25,47	46,29	39,66	43,25	53,21	55,10	49,27	65,46	70,16	67,95	57,37	75,90	80,04	64,93	77,75	47,62	42,98	61,91	46,65	53,01	64,46	47,37	39,35	33,55	47,18	38,68	60,87	82,29	75,14	49,57	79,75	40,80	60,45	37,67	47,79	58,38	25,48	30,74	54,33	69,32	67,14	78,07	49,91	47,21	17,86	21,34	56,61	41,16	40,84	57,75	22,24	39,29	32,88	54,78	60,12	45,62	61,93	64,91	71,23	73,66	57,10	71,81	50,90	58,39	76,32	57,63	58,76	54,90	51,44	57,32	77,93	49,91	51,13	49,31	61,38	53,52	66,22	75,15	70,42	50,35	56,75	42,83	62,42	52,68	52,13	61,46	22,76	22,81	50,38	49,60	67,30	65,77	50,17	49,19	24,33	14,52	50,34	30,54	37,27	53,85	34,58	50,46	35,14	51,12	55,43	52,86	50,29	63,63	37,64	54,62	57,03	68,20	68,33	71,34	84,32	51,94	44,87	62,38	53,28	53,31	69,99	41,10	36,95	26,95	39,87	32,82	61,20	70,53	52,93	40,92	61,11	40,22	63,67	44,84	51,60	61,31	25,74	38,88	53,00	38,00	65,15	73,56	55,08	48,25	18,78	21,32	40,30	42,75	40,89	53,10	20,98	56,58	44,76	45,52	43,18	44,67	43,38	58,93	40,63	66,89	68,34	71,03	68,73	67,00	74,07	42,22	39,75	47,37	45,03	45,19	66,03	47,41	34,96	34,03	38,48	35,47	76,12	67,71	61,37	59,40	53,35	35,31	53,16	46,62	47,51	64,18	26,84	23,99	50,37	51,35	76,15	78,66	53,79	52,07	22,02	20,15	42,62	48,24	44,43	39,41	32,65	40,35	51,91	54,91	60,89	56,27	39,81	76,74	50,95	74,01	51,40	65,61	63,24	60,32	67,68	44,49	43,88	58,06	49,37	55,05	66,65	59,36	46,16	46,67	51,30	35,43	63,50	71,93	54,64	43,09	51,63	49,59	71,04	71,63	56,30	75,65	35,11	29,25	51,27	59,80	50,57	72,68	52,72	51,82	20,99	23,31	42,58	39,22	49,25	52,26	23,48	53,03	30,08	51,82	49,22	50,17	37,28	62,16	62,98	71,12	56,54	65,78	55,67	60,62	72,37	53,07	48,36	66,13	57,88	63,43	70,70	36,39	42,41	39,85	46,48	45,86	63,39	65,29	58,03	42,39	62,44	49,24	75,08	51,45	50,74	42,46	25,91	28,30	35,52	41,31	70,49	65,31	47,49	50,71	29,49	16,84	39,98	37,36	33,59	36,21	20,18	54,43	41,67	54,34	65,27	39,19	57,24	78,56	50,59	63,07	43,57	68,54	65,55	63,43	69,31	48,41	56,07	65,40	57,02	61,04	75,83	38,51	36,64	38,16	42,00	53,30	44,41	62,53	62,28	50,75	62,51	53,94	66,07	63,99	54,78	32,96	16,95	28,98	44,20	45,87	63,68	67,93	63,97	62,94	22,62	24,71	62,27	35,56	28,96	55,42	39,41	39,41	37,50	45,67	48,85	53,48	39,44	74,15	63,41	71,16	49,32	62,63	59,11	57,40	69,11	60,38	66,74	71,60	57,16	62,65	48,28	53,10	40,97	41,77	49,56	47,68	63,93	69,51	67,40	51,45	65,34	39,54	56,22	34,66	38,60	52,99	31,86	30,07	47,29	57,55	78,14	81,22	56,93	56,95	22,40	20,49	37,49	29,60	31,90	48,16	19,81	49,67	29,24	52,24	63,99	55,85	46,66	67,75	58,58	66,10	63,29	74,92	65,86	67,47	68,70	42,77	42,77	55,58	41,74	46,48	69,73	41,34	37,04	28,32	40,78	37,86	61,94	76,54	42,72	49,80	70,95	50,11	49,06	45,41	48,36	55,90	31,88	28,17	44,16	57,17	56,96	70,92	48,68	52,20	17,44	15,67	50,04	47,91	50,58	63,65	23,81	56,72	20,36	44,56	59,67	55,01	40,05	61,22	60,01	75,48	55,65	55,02	69,76	60,02	71,93	43,99	44,94	44,85	39,30	48,98	72,29	43,07	31,53	33,24	32,78	29,45	54,76	56,31	57,88	51,08	74,24	34,72	50,10	53,21	62,81	67,08	33,19	25,00	53,01	51,09	65,87	86,52	52,60	53,78	15,69	17,27	48,02	39,94	40,68	49,37	28,45	50,32	31,89	37,49	50,79	51,36	52,47	74,66	57,06	67,51	50,70	66,84	70,21	58,37	65,37	43,97	42,07	54,51	41,11	49,57	73,23	41,34	32,04	29,56	36,18	39,24	77,64	73,87	65,42	43,68	64,43	40,20	51,64	42,00	43,09	53,26	21,13	25,03	47,96	48,56	65,78	82,21	54,82	50,86	16,39	17,46	58,88	48,72	55,75	74,46	31,15	46,34	28,77	51,28	63,56	59,72	38,55	73,48	58,22	63,54	57,29	78,58	62,97	65,29	83,42	43,86	42,77	51,02	41,44	47,99	72,70	42,95	33,40	41,44	39,29	30,13	60,00	77,46	67,64	57,56	67,07	42,93	73,21	69,79	70,42	60,56	26,39	31,93	54,56	51,42	69,13	78,21	56,70	57,04	21,71	17,04	48,26	51,64	42,38	51,54	21,01	39,69	33,32	40,39	67,68	55,34	42,11	69,42	73,25	62,53	53,16	69,11	69,92	64,31	73,82	40,56	41,29	55,30	44,27	52,44	70,47	46,13	33,90	32,19	35,44	29,70	64,85	62,03	49,54	40,87	73,68	42,13	79,13	45,34	47,96	51,48	21,26	35,61	58,44	49,43	69,78	74,22	49,86	49,08	19,54	15,08	43,88	36,53	35,13	49,06	22,74	31,64	28,85	60,23	48,74	46,77	74,74	74,95	75,23	76,16	53,88	62,82	73,58	62,18	77,25	50,17	42,77	50,80	42,33	48,03	72,24	59,60	40,21	43,60	38,05	32,90	56,44	66,20	55,55	44,11	58,94	52,84	53,48	29,76	40,66	73,77	25,25	23,83	43,45	41,69	61,57	78,30	67,32	63,01	17,57	25,01	44,32	39,70	36,74	53,67	22,21	52,70	30,20	56,85	58,53	59,80	39,94	67,72	73,12	72,48	45,53	69,23	75,85	65,38	74,56	40,70	42,73	52,89	45,46	46,97	76,57	45,41	34,76	26,99	38,93	39,32	68,26	61,65	70,55	58,12	51,98	38,12	68,86	45,89	45,02	58,21	26,24	28,67	52,08	54,62	73,50	71,63	51,99	43,00	17,95	23,61	55,79	48,97	29,23	60,67	41,45	42,00	33,39	50,64	60,76	50,28	53,80	73,46	69,61	73,12	60,08	62,28	52,64	48,15	69,93	58,93	57,71	65,71	54,06	60,25	77,09	64,76	48,07	42,91	63,77	38,05	51,56	82,99	76,95	56,72	73,33	60,43	78,24	73,29	72,26	72,08	26,49	22,58	56,00	60,91	62,68	69,61	58,10	55,98	20,62	12,82	61,06	33,75	30,48	56,81	34,78	39,72	47,53	57,53	60,08	45,58	40,88	69,78	69,96	77,52	54,22	67,48	68,38	75,45	86,30	50,25	49,63
2,00	71,70	75,44	72,86	85,72	79,89	66,72	77,24	68,40	77,60	85,19	58,69	68,92	74,26	86,38	53,04	54,50	68,26	95,93	63,42	74,49	58,32	40,76	65,10	59,46	68,53	74,73	88,61	84,62	52,65	71,84	32,72	73,30	65,12	64,40	82,67	46,24	37,61	21,21	75,39	46,91	33,59	27,78	45,02	48,67	41,52	61,29	44,90	61,64	62,10	45,66	57,02	56,03	62,76	64,93	66,26	42,02	71,01	66,89	79,87	60,36	52,03	61,83	65,88	76,48	33,67	63,84	65,94	89,88	53,16	56,23	32,41	34,19	68,67	34,66	47,77	72,45	65,63	59,36	31,67	70,23	27,92	30,13	37,09	41,98	74,53	37,20	23,62	29,68	68,06	53,64	37,57	27,36	49,05	57,15	31,10	50,31	32,56	61,74	70,48	60,21	70,16	59,18	47,10	59,97	65,82	45,29	67,30	48,76	75,96	57,54	56,65	72,97	69,03	79,53	55,36	58,33	57,47	75,99	47,09	44,45	53,74	43,92	63,07	38,14	44,63	54,96	43,79	38,80	28,11	44,93	19,08	27,54	21,98	24,08	69,52	34,22	34,47	22,63	74,89	38,73	34,16	21,94	44,52	61,44	46,58	58,76	40,77	69,40	61,69	53,56	54,46	56,47	60,21	73,02	69,06	52,16	79,58	52,07	47,94	56,81	54,01	73,74	45,95	76,50	52,25	49,56	59,08	78,20	62,42	68,52	57,58	29,01	54,77	37,14	51,99	64,64	66,00	63,08	31,11	31,09	42,16	51,12	20,61	29,66	65,42	35,91	37,22	22,08	65,80	55,28	48,97	25,71	51,85	51,99	26,76	51,60	40,80	67,57	73,48	50,69	47,12	57,85	53,07	69,41	69,67	46,02	64,45	61,06	74,08	60,26	52,36	49,40	36,54	66,57	27,95	54,94	45,52	75,50	53,50	60,40	46,77	20,77	65,20	34,03	47,29	59,05	46,64	49,50	26,33	51,27	27,68	37,78	32,66	31,52	78,79	44,13	40,67	23,89	67,64	43,00	28,82	21,78	33,44	42,95	35,76	57,20	40,09	72,05	66,40	56,15	59,77	58,87	57,59	72,98	76,78	41,11	62,10	48,06	73,37	61,95	57,26	70,21	55,57	73,02	41,49	44,32	47,38	85,44	54,38	55,05	53,47	28,07	52,92	31,86	44,28	59,22	40,71	32,76	30,20	57,43	18,64	28,22	21,52	19,98	75,72	38,21	34,47	18,57	57,38	41,35	48,46	27,79	55,16	67,89	45,45	41,70	29,99	61,40	64,54	61,58	54,62	57,97	60,87	62,50	61,32	31,04	75,26	61,70	71,20	54,20	52,18	70,31	50,44	75,65	39,74	45,12	61,91	81,19	48,34	49,62	43,48	27,02	50,30	26,58	37,91	52,11	63,93	48,73	22,60	47,82	15,32	25,49	30,10	23,24	73,36	40,85	40,14	18,83	66,69	44,77	43,07	41,06	37,13	47,17	43,60	51,38	36,28	66,25	67,63	62,90	54,85	52,45	60,81	74,48	73,72	52,64	74,99	61,60	68,46	47,86	49,00	75,22	60,66	65,01	47,57	52,04	65,69	72,28	54,46	41,60	39,91	36,43	59,65	33,55	47,84	54,69	51,00	45,33	30,18	43,88	37,99	51,26	25,37	27,85	55,01	34,69	33,12	24,60	65,10	39,66	54,68	27,16	48,31	50,85	38,70	56,64	38,50	65,13	65,38	61,65	60,69	47,49	50,87	58,07	67,58	37,31	69,93	53,36	75,53	46,41	48,82	49,15	44,86	67,94	36,52	49,31	56,76	80,51	54,72	58,87	51,82	28,06	35,37	28,12	42,03	57,95	50,40	41,99	21,78	51,54	39,72	21,03	25,24	29,89	64,33	28,73	23,98	20,29	69,54	36,80	45,98	36,24	46,29	55,94	36,38	46,34	26,18	48,67	65,28	52,47	57,98	53,80	41,55	59,11	71,24	35,99	59,48	49,29	64,05	54,36	47,76	55,08	52,99	71,17	28,04	66,52	61,94	82,39	48,21	53,18	31,80	25,40	40,84	30,00	46,76	69,86	57,03	53,28	28,90	38,62	16,89	20,93	25,67	26,98	63,11	40,20	32,41	19,46	60,27	45,13	40,23	52,00	45,93	49,33	38,37	45,61	27,21	59,23	68,66	50,31	60,71	46,53	47,98	65,30	75,80	48,76	64,14	54,34	75,16	57,35	50,38	61,36	47,14	85,30	42,93	53,17	56,68	91,45	41,00	32,53	29,84	18,55	58,66	36,78	37,32	59,67	50,12	40,37	26,24	64,05	19,92	28,04	43,56	47,95	87,05	57,27	38,82	44,68	67,52	36,63	41,33	27,17	30,37	51,03	38,65	50,39	36,88	62,93	67,62	55,96	49,05	58,99	58,27	80,26	65,47	44,42	62,21	48,09	70,05	53,94	56,54	61,95	48,29	77,96	44,73	58,06	47,95	80,55	57,68	54,66	49,98	22,28	58,29	49,17	44,87	69,95	58,82	43,42	25,87	60,05	18,88	25,24	28,70	38,09	67,99	56,53	38,06	22,47	65,79	53,61	44,69	27,44	34,49	44,19	36,66	44,15	30,45	64,67	69,22	58,24	50,42	65,35	51,40	63,63	69,98	40,38	60,43	51,09	77,09	63,77	57,84	69,71	37,35	79,62	41,81	48,80	63,88	79,84	46,98	57,33	37,86	34,00	57,30	36,21	46,99	60,99	60,12	41,71	33,82	49,18	21,33	37,81	25,95	22,03	84,83	39,31	47,60	24,76	64,28	44,30	42,09	35,22	47,33	49,03	35,85	45,79	31,23	69,70	69,70	47,30	56,04	61,25	46,17	72,11	82,33	40,27	68,47	59,08	63,94	60,93	51,91	60,38	47,83	64,86	45,68	56,93	59,89	81,32	53,56	54,39	64,58	32,59	59,33	38,18	49,92	52,21	55,60	49,19	30,75	45,70	24,13	49,36	20,35	27,55	83,15	39,71	32,25	18,98	55,70	50,68	35,72	28,03	41,33	58,77	38,01	52,07	32,63	64,41	79,52	55,86	53,57	65,34	55,19	56,57	72,51	36,32	62,29	52,08	71,11	50,29	61,54	54,63	56,67	75,43	47,21	50,05	61,86	69,34	44,87	44,50	36,63	27,38	64,85	32,83	41,54	62,97	55,18	53,38	22,68	51,38	15,83	25,91	24,88	29,86	59,59	38,61	40,48	17,85	64,62	50,17	38,88	27,98	47,42	54,83	46,08	63,68	45,30	70,66	72,84	51,04	51,28	52,15	57,61	66,21	66,58	36,68	67,83	55,34	68,96	36,21	34,99	46,65	43,75	74,30	41,40	34,00	49,88	79,05	48,45	39,79	55,46	31,18	56,22	37,32	53,51	67,10	63,72	52,57	26,67	35,28	16,42	36,99	29,10	35,26	75,29	35,60	21,29	20,20	60,14	36,37	48,71	42,37	41,95	53,08	37,52	48,11	44,51	64,90	66,40	58,69	52,12	61,45	48,39	65,45	77,71	50,93	67,80	51,26	71,69	48,33	43,30	50,37	62,73	63,90	42,53	57,35	61,58	89,51	64,00	39,99	43,79	21,93	40,24	35,07	52,37	64,25	50,59	43,65	26,59	58,87	16,59	28,04	24,73	30,00	81,13	46,86	31,02	19,79	65,78	35,56	39,96	27,57	59,23	56,02	39,23	40,32	33,21	61,14	67,77	64,78	56,80	46,80	56,73	70,44	81,50	42,61	58,20	44,46	63,73	56,13	52,15	65,52	52,16	74,39	36,22	59,37	62,62	56,14	36,18	48,10	30,53	23,14	37,55	30,44	45,21	57,99	57,23	43,37	19,67	58,96	16,91	32,04	24,22	35,54	74,78	54,03	37,36	20,87	62,86	42,98	64,14	29,64	43,71	80,13	47,44	59,74	38,33	64,90	61,41	50,52	53,17	58,20	55,34	72,52	73,62	51,64	70,06	56,49	72,98	59,02	50,18	59,66	46,86	74,69	40,78	55,60	53,13	75,86	46,58	36,68	35,84	25,21	54,15	36,61	59,73	73,83	52,46	44,26	40,97	48,37	18,67	30,02	33,98	34,65	82,76	31,54	29,11	19,63	59,00	38,20	42,03	31,60	66,61	70,79	40,43	51,48	29,25	66,90	66,48	47,63	51,19	59,60	62,40	58,56	63,52	48,43	73,28	50,38	53,10	56,79	39,18	68,18	75,13	86,93	40,37	52,00	48,60	87,73	80,87	77,51	60,82	22,93	39,76	41,63	51,79	69,59	64,87	53,66	30,26	48,38	19,70	41,18	30,71	20,84	63,79	48,38	38,05	25,09	63,88	46,76	65,03	46,62	61,74	68,13	43,22	51,56	53,41	79,83	83,31	65,70	67,61	68,75
3,00	79,54	81,14	82,39	73,66	87,80	71,47	72,32	66,28	66,11	73,08	63,58	91,43	69,55	55,53	45,20	39,92	65,84	54,20	41,40	75,94	64,36	87,02	78,71	60,98	58,95	39,40	47,36	43,72	43,52	80,64	79,80	53,03	62,84	22,10	25,80	50,83	26,90	21,76	40,62	58,50	60,43	38,18	70,94	52,54	49,18	51,77	71,78	49,70	44,24	46,97	61,55	63,19	59,43	51,52	43,31	71,41	60,79	54,98	72,60	61,62	43,33	72,65	58,81	59,31	38,72	39,87	53,17	27,98	32,10	66,12	58,00	52,41	63,37	45,53	26,05	20,87	18,10	48,20	54,79	57,05	46,00	34,98	48,75	12,26	12,37	27,26	19,69	22,32	37,11	44,54	61,60	31,00	46,88	33,66	42,15	49,02	59,64	62,96	55,48	51,80	63,74	55,46	61,03	59,58	51,08	64,46	51,49	49,07	48,11	51,07	52,80	70,48	62,87	55,55	35,39	57,53	56,19	35,44	34,35	68,86	46,41	63,99	57,58	39,08	26,14	15,48	17,71	46,35	42,18	60,36	66,99	38,72	50,06	11,73	12,43	19,59	16,88	15,44	26,93	24,28	53,92	38,86	44,21	38,43	57,73	51,27	57,87	56,02	42,28	53,10	60,72	67,64	65,53	55,62	58,80	71,52	59,94	44,70	52,01	43,35	50,89	67,81	60,84	57,22	50,32	56,09	50,00	26,50	34,32	69,76	50,34	69,39	77,45	43,94	20,27	30,37	16,98	48,30	35,16	64,66	76,15	35,23	37,74	18,43	19,70	25,11	21,65	23,92	32,01	53,29	63,38	41,64	56,35	46,74	44,62	38,90	62,92	49,49	39,19	56,18	69,86	67,53	75,00	70,01	67,88	59,52	59,00	56,20	56,52	53,85	39,35	67,64	43,03	56,11	32,54	55,56	49,30	27,92	31,70	55,05	53,55	83,69	72,14	51,44	29,15	17,63	16,65	39,95	45,14	53,64	51,33	24,01	45,06	18,47	14,32	19,88	15,15	22,94	40,74	43,43	46,85	33,77	39,68	44,93	49,77	56,46	64,81	61,92	42,83	57,96	54,91	56,70	62,25	45,81	53,81	53,02	51,49	57,01	48,03	47,57	56,91	73,02	54,45	53,35	34,73	37,57	57,84	35,70	22,41	55,35	47,08	60,09	67,34	40,99	21,51	22,23	18,31	29,48	21,43	35,66	60,93	35,91	40,85	11,34	12,46	25,38	13,71	19,70	44,73	33,64	63,82	24,98	50,49	55,93	47,31	47,18	51,64	52,22	43,93	59,65	59,42	57,31	59,27	57,14	53,17	59,93	59,48	48,24	51,23	53,57	36,31	58,51	41,73	60,21	37,67	37,35	46,50	41,52	42,30	60,34	44,28	62,55	64,66	49,15	25,01	24,00	14,22	33,54	47,61	57,86	76,34	50,47	50,24	10,68	10,75	19,12	12,30	17,16	44,36	33,78	54,59	24,75	39,78	40,22	52,21	59,28	67,76	55,46	49,21	61,57	65,46	59,21	60,60	60,17	57,79	67,28	61,23	41,11	63,62	74,26	36,93	60,05	51,20	46,23	31,60	37,93	54,27	31,06	31,24	60,90	40,42	61,63	62,90	38,36	23,26	20,52	26,30	50,70	37,63	62,10	72,44	52,56	50,48	13,64	14,98	24,12	12,93	12,95	37,74	30,08	64,45	44,78	52,37	52,54	41,49	51,91	57,70	53,28	45,82	67,44	61,38	63,58	57,17	40,94	40,76	64,23	57,95	63,68	54,48	38,47	34,95	63,72	42,12	56,65	42,35	24,31	46,46	30,11	31,14	67,80	48,36	57,05	57,22	36,56	22,21	18,47	19,15	50,94	43,96	61,91	64,04	32,02	44,45	17,39	16,57	19,25	12,95	14,44	41,78	34,15	54,63	28,69	44,12	54,83	44,64	55,98	62,36	62,82	46,45	59,02	52,18	56,27	56,73	47,92	50,58	60,94	49,92	62,03	41,75	55,33	50,49	69,47	46,34	45,35	34,26	40,19	51,42	28,34	35,48	62,84	44,27	52,42	53,27	33,39	20,54	13,76	28,53	45,12	33,64	43,70	52,93	38,51	45,95	13,43	12,83	34,82	13,22	22,81	53,57	33,65	58,63	25,07	45,21	45,22	52,55	59,84	63,35	44,81	43,53	60,73	55,35	56,42	57,93	51,19	57,52	67,58	44,24	48,19	48,93	40,89	40,50	61,49	41,16	48,18	37,33	43,80	33,83	26,82	37,95	66,07	41,07	64,95	58,81	42,87	24,06	30,78	15,89	28,58	33,43	77,55	74,71	41,75	43,73	12,54	18,36	36,68	19,58	24,54	30,81	37,60	53,77	43,95	43,51	63,56	43,53	45,56	65,80	49,11	38,34	50,03	69,47	75,94	58,93	44,66	65,34	53,73	56,78	53,17	52,15	42,22	37,29	67,36	42,92	54,58	24,98	37,10	37,75	25,02	31,60	59,98	56,64	60,10	65,24	42,36	26,59	34,35	21,21	51,37	39,31	67,45	66,87	33,23	35,30	10,17	11,16	24,38	18,20	24,55	38,41	27,05	59,14	31,64	40,93	42,13	50,37	51,39	61,38	64,17	52,90	74,05	56,53	58,46	61,36	48,48	61,79	67,76	44,81	52,34	56,41	60,74	35,04	65,08	63,90	55,24	39,29	42,04	47,60	29,31	29,09	44,51	43,09	50,44	43,80	35,07	36,20	12,79	13,37	38,74	48,30	67,08	55,52	32,73	51,40	17,74	18,02	26,14	14,47	26,77	37,15	29,31	53,54	37,84	43,90	36,92	47,81	52,45	64,88	60,58	47,42	63,96	61,35	64,56	54,24	43,01	47,93	62,95	63,13	55,03	54,99	48,93	41,91	68,14	39,42	35,98	31,48	36,49	51,80	39,52	37,63	76,61	66,19	74,01	57,07	51,31	43,70	26,84	26,20	36,10	26,55	51,99	78,45	47,59	58,96	14,25	14,11	28,92	16,70	21,38	34,72	41,49	56,18	31,33	33,86	42,69	50,94	48,02	63,45	69,52	56,99	65,01	67,63	45,43	57,07	41,20	50,51	58,62	54,36	47,90	51,06	53,85	45,37	63,83	66,82	56,75	45,33	33,57	46,99	22,68	29,78	62,25	41,89	66,31	70,62	42,66	16,36	18,98	15,37	48,96	56,58	61,35	61,39	35,80	47,23	38,01	19,87	26,43	16,85	20,38	44,19	38,39	51,50	44,30	40,94	48,71	47,22	50,30	65,25	55,31	48,32	55,83	43,56	55,02	54,57	50,60	62,11	55,72	60,46	58,39	51,52	32,90	35,65	64,80	39,32	46,51	37,35	35,81	49,78	38,11	29,21	68,07	42,53	72,58	74,27	58,32	23,12	22,64	15,63	41,11	36,59	54,67	61,34	30,85	66,64	13,39	13,07	20,10	13,82	14,97	42,70	31,72	59,11	28,74	42,83	50,00	45,08	51,31	54,50	48,86	44,29	55,48	71,03	61,11	56,83	47,79	65,02	70,57	60,56	51,52	50,15	51,50	35,84	56,15	54,66	54,54	37,93	36,22	57,35	28,35	44,29	52,45	51,43	65,58	67,39	45,34	24,22	16,64	15,14	31,52	33,62	57,16	71,47	47,83	49,89	16,72	15,74	22,15	17,29	18,57	38,89	39,00	62,09	30,50	41,93	52,77	56,44	48,51	61,79	53,96	49,21	65,11	65,12	62,79	69,82	43,43	47,72	68,36	57,78	47,20	38,80	43,37	37,06	65,04	53,72	60,39	39,20	54,57	50,02	23,57	28,91	71,84	51,68	66,37	68,47	40,97	22,38	12,74	16,84	53,68	51,97	62,56	70,09	28,10	55,91	24,00	19,76	25,66	18,49	24,30	36,01	34,94	49,17	35,29	48,46	46,84	38,98	53,33	56,81	56,93	52,22	61,28	61,74	55,42	62,55	46,37	68,89	69,38	58,11	52,04	61,85	67,84	40,68	67,37	48,30	52,22	30,44	37,95	47,84	30,49	25,68	69,18	49,14	59,74	71,47	60,31	16,95	14,17	12,96	46,99	32,73	67,83	67,23	46,88	64,06	21,22	17,64	26,20	18,15	17,18	45,86	27,99	67,62	43,14	36,11	44,48	40,91	63,19	50,24	68,21	53,55	53,83	63,25	49,91	57,20	48,56	60,90	67,67	46,29	64,80	60,73	46,17	33,30	75,15	73,17	61,23	41,32	30,29	45,79	42,01	38,41	79,84	51,71	60,44	75,23	56,53	20,04	24,79	13,74	60,65	26,67	50,46	66,98	34,14	46,52	21,17	18,82	33,70	19,89	22,07	36,42	69,35	68,54	38,02	57,86	51,02	51,57	60,47	70,23	73,55	68,88	84,09	76,45	63,99
4,00	76,49	88,39	92,16	74,37	80,66	61,12	56,30	80,30	65,25	49,79	66,87	65,35	92,52	86,31	59,87	90,48	87,39	74,99	53,23	59,33	90,18	50,62	45,24	41,80	40,68	72,76	62,14	67,37	75,33	53,98	39,04	66,04	31,90	27,50	49,24	55,06	53,34	54,63	52,98	79,35	82,76	54,13	40,03	38,20	55,50	68,94	54,32	76,23	74,87	81,38	66,38	51,13	87,94	81,60	74,39	53,84	70,77	63,71	62,88	69,31	55,32	61,96	76,38	53,56	56,58	68,22	76,08	76,83	43,83	64,67	51,95	26,80	38,77	35,00	37,59	61,90	49,57	40,23	17,16	24,66	26,77	63,94	44,56	31,51	58,96	64,84	45,57	39,30	63,66	74,03	47,93	39,55	39,83	32,77	57,27	47,21	61,70	50,56	64,36	57,36	61,52	38,50	88,57	68,26	77,38	59,03	53,04	65,23	57,22	49,37	52,11	67,76	76,66	60,54	43,44	78,42	74,21	62,85	47,89	70,31	76,01	28,81	34,49	33,98	35,50	43,09	47,63	22,90	18,68	16,44	21,21	77,49	38,01	26,44	45,38	59,88	70,16	38,37	58,66	73,23	49,09	41,24	40,22	35,58	60,32	50,66	56,20	63,79	57,36	77,24	55,25	67,53	80,74	65,15	64,44	48,96	69,35	62,12	49,90	41,72	58,80	68,02	73,93	64,93	63,05	74,57	73,85	76,11	51,00	45,13	52,01	23,36	46,22	33,47	37,00	58,74	48,12	25,72	23,15	27,88	19,10	53,14	41,60	23,41	42,21	56,32	46,23	49,74	57,75	80,44	49,40	55,01	43,74	45,11	59,55	55,93	45,37	47,27	54,38	76,75	57,81	63,83	64,49	72,51	76,07	62,34	57,00	66,06	46,28	47,25	49,73	47,43	63,96	50,81	58,95	77,73	77,25	75,13	50,09	49,32	52,92	29,45	47,59	45,57	37,42	56,19	45,85	30,06	23,86	22,92	17,64	30,99	31,65	19,82	52,11	62,77	75,70	39,29	53,50	44,97	39,30	34,50	33,83	35,34	52,07	54,91	51,97	75,54	71,74	70,62	59,61	48,66	87,39	69,00	77,48	67,33	67,59	64,37	56,78	48,04	56,43	71,84	77,47	59,88	82,80	80,84	71,14	75,52	55,33	44,70	58,96	24,76	28,23	39,42	32,68	52,33	48,20	23,13	19,01	17,54	12,83	48,11	24,12	24,66	60,75	48,39	53,36	36,44	73,15	60,85	57,23	43,46	38,88	42,46	52,46	54,83	44,92	74,45	65,67	65,95	58,97	44,41	81,17	65,64	60,80	50,58	56,52	64,91	48,64	38,58	65,82	64,79	80,82	67,58	68,50	70,15	80,21	76,05	43,52	39,54	51,45	29,75	45,66	41,36	32,54	59,89	45,63	30,42	20,30	21,95	22,24	50,53	28,59	47,42	60,94	48,08	37,66	38,41	57,58	68,02	46,20	47,29	33,78	31,34	50,08	49,37	55,75	73,99	59,36	78,60	44,04	60,77	72,56	56,80	60,92	66,59	60,23	54,03	53,22	56,48	55,49	62,90	72,36	40,20	51,75	75,13	72,94	77,48	37,13	40,15	64,89	31,97	46,73	40,20	49,17	57,75	47,41	21,37	27,65	28,29	28,40	52,14	25,11	36,89	60,13	55,13	64,35	48,38	46,32	70,42	71,01	43,66	32,99	34,10	36,56	44,05	37,97	59,47	68,65	73,65	62,82	48,34	75,38	68,49	72,23	46,01	70,31	59,44	45,21	57,70	58,80	57,66	77,54	52,77	51,44	81,66	73,95	81,63	36,37	36,89	64,65	26,17	34,77	29,08	28,70	63,97	60,07	19,14	21,46	20,44	12,82	39,19	33,50	22,53	35,45	48,03	51,71	32,54	56,30	75,56	48,28	48,79	39,38	48,30	46,14	65,85	52,48	73,18	68,59	77,16	62,77	57,80	77,23	62,88	73,50	58,26	67,01	52,20	49,79	46,90	58,70	38,07	81,30	67,51	46,32	69,96	70,32	61,43	39,90	52,08	52,72	25,09	41,70	39,02	26,68	59,69	49,72	30,11	22,24	25,03	18,77	40,57	27,03	26,66	78,84	46,31	49,50	52,34	58,68	63,48	57,02	50,34	35,06	37,31	49,60	52,18	57,36	65,93	67,03	72,69	48,75	42,37	75,60	72,80	75,78	51,55	70,84	58,19	53,14	47,47	54,81	62,66	74,46	56,65	47,88	53,06	82,19	64,79	36,30	41,02	47,36	21,96	27,34	33,37	37,45	57,14	58,49	20,74	24,33	26,97	27,66	57,66	34,67	32,36	52,97	58,46	60,04	21,40	47,58	67,47	36,79	48,70	35,36	46,11	62,04	52,00	59,75	55,76	72,18	64,91	58,13	59,98	79,02	50,73	56,23	49,45	51,27	58,51	41,89	36,69	47,84	49,69	71,38	62,88	51,64	66,86	83,31	67,27	35,68	48,32	54,68	31,40	37,76	51,31	40,34	64,57	59,43	18,18	16,35	25,48	20,66	44,97	27,70	48,60	60,55	53,01	59,06	40,36	51,14	76,34	49,25	39,67	36,16	35,38	51,82	45,91	56,42	65,90	72,29	70,49	60,03	54,45	78,55	65,57	78,55	59,58	47,30	56,13	56,86	42,62	48,93	60,27	76,80	70,79	47,79	77,73	74,26	70,16	41,40	57,44	77,24	46,14	40,45	38,53	45,55	54,83	47,93	23,82	27,47	17,27	13,80	55,80	43,80	30,05	67,89	62,13	59,52	50,70	62,57	78,98	48,18	45,95	35,02	36,66	64,28	50,50	48,35	65,82	63,17	81,37	63,26	52,55	65,26	62,82	64,81	52,97	50,29	57,99	48,74	47,72	53,86	60,33	68,36	68,03	38,84	73,04	68,53	67,14	51,31	48,20	66,58	40,40	45,34	50,36	45,49	57,10	43,30	37,30	28,12	22,88	25,93	49,73	34,99	25,99	54,44	50,27	60,56	22,86	55,20	64,31	54,55	45,95	35,96	37,73	67,91	50,77	55,78	69,53	76,73	76,17	68,25	39,56	75,66	54,68	66,17	62,17	52,83	50,00	55,62	43,87	62,70	56,06	75,25	67,30	57,94	71,22	76,46	77,39	40,69	48,54	67,53	29,35	31,74	44,58	22,31	55,68	26,89	24,02	16,84	15,67	19,45	39,65	45,68	55,99	62,02	76,22	60,67	32,24	63,72	65,62	56,77	39,20	35,52	31,88	52,76	56,84	56,81	69,06	67,82	67,78	52,61	49,04	79,68	63,26	66,76	61,19	35,63	72,22	47,34	39,38	58,14	49,78	52,93	70,66	44,77	49,97	71,13	75,41	42,62	53,95	71,33	35,46	42,09	41,01	27,04	49,93	33,37	21,87	16,10	19,72	20,11	68,16	36,46	28,87	49,77	44,62	66,28	40,55	61,35	70,11	39,24	42,27	37,35	40,30	50,06	51,91	51,31	55,73	71,14	71,07	59,94	62,96	81,93	75,25	68,86	59,59	64,39	61,56	45,62	40,41	47,42	64,51	84,86	61,80	54,35	58,68	70,17	65,72	45,70	35,50	49,25	33,46	50,89	40,93	46,80	66,28	46,00	28,97	21,57	21,43	15,93	64,19	34,97	36,86	58,61	62,44	62,69	71,87	71,75	75,95	51,42	41,10	29,63	38,53	44,98	42,26	53,29	69,79	74,91	73,11	49,46	41,19	78,44	62,91	66,33	47,83	62,43	57,80	39,43	41,49	58,12	76,15	75,39	76,50	31,76	79,44	80,28	63,73	36,69	49,36	62,65	29,52	39,01	39,49	42,42	45,31	52,19	16,24	24,44	21,04	13,17	55,06	31,56	40,78	55,21	51,02	51,54	35,20	55,63	51,88	37,81	44,19	42,58	32,29	56,30	48,63	63,82	73,08	75,02	76,73	64,65	59,11	78,04	52,31	67,19	55,95	56,61	71,35	66,92	46,74	56,79	71,00	87,20	51,40	56,28	67,64	77,83	64,35	40,74	43,61	79,04	31,04	36,36	36,44	35,27	56,59	30,41	24,40	21,83	20,94	15,10	59,83	37,75	28,81	56,75	63,69	57,27	45,53	57,17	64,11	61,49	44,69	32,52	41,73	64,29	66,22	47,35	63,53	60,62	71,35	46,55	42,67	79,62	63,39	68,55	52,85	42,93	63,49	51,55	41,60	46,37	65,59	83,67	67,84	56,16	72,94	73,39	70,12	54,08	48,52	76,63	46,51	58,97	68,99	47,65	61,08	56,32	29,80	20,14	21,13	21,57	55,23	39,36	37,96	56,67	72,03	64,45	33,38	73,33	65,63	49,38	45,09	35,25	37,75	73,51	52,00	51,97	81,01	76,14	81,16	81,99	51,35
"x-axis"

