"Map measures:"	"STI"	"-"	"IECEd3 male"	"Masking on"	
"Bkg noise:"	45,0	38,0	32,0	28,0	25,0	23,0	21,0	0,0	"dB"		"35,8 dBA"	"(NCB:28)"
"Eqx:"	0	0	0	0	0	0	0	""	"dB"
"Project:"	"project"
"Creator:"	"CATT-Acoustic v9.1b (build 1.03) / TUCT v1.1b:2.02"
"Date/Time:"	"2018-06-04 17:14:24"
"Air abs.:"	"on"
"Interference:"	"off"
"Adapt rays:"	"off"
"No of rays:"	500	"Diffraction: "	"off"
"Ech. length:"	1000	"ms"

"Layer:"	1	"of"	1	"Nx:"	9	"Ny:"	1002
	-0,50	0,50	1,50	2,50	3,50	4,50	5,50	6,50	7,50	8,50	9,50	10,50	11,50	12,50	13,50	14,50	15,50	16,50	17,50	18,50	19,50	20,50	21,50	22,50	23,50	24,50	25,50	26,50	27,50	28,50	29,50	30,50	31,50	32,50	33,50	34,50	35,50	36,50	37,50	38,50	39,50	40,50	41,50	42,50	43,50	44,50	45,50	46,50	47,50	48,50	49,50	50,50	51,50	52,50	53,50	54,50	55,50	56,50	57,50	58,50	59,50	60,50	61,50	62,50	63,50	64,50	65,50	66,50	67,50	68,50	69,50	70,50	71,50	72,50	73,50	74,50	75,50	76,50	77,50	78,50	79,50	80,50	81,50	82,50	83,50	84,50	85,50	86,50	87,50	88,50	89,50	90,50	91,50	92,50	93,50	94,50	95,50	96,50	97,50	98,50	99,50	100,50	101,50	102,50	103,50	104,50	105,50	106,50	107,50	108,50	109,50	110,50	111,50	112,50	113,50	114,50	115,50	116,50	117,50	118,50	119,50	120,50	121,50	122,50	123,50	124,50	125,50	126,50	127,50	128,50	129,50	130,50	131,50	132,50	133,50	134,50	135,50	136,50	137,50	138,50	139,50	140,50	141,50	142,50	143,50	144,50	145,50	146,50	147,50	148,50	149,50	150,50	151,50	152,50	153,50	154,50	155,50	156,50	157,50	158,50	159,50	160,50	161,50	162,50	163,50	164,50	165,50	166,50	167,50	168,50	169,50	170,50	171,50	172,50	173,50	174,50	175,50	176,50	177,50	178,50	179,50	180,50	181,50	182,50	183,50	184,50	185,50	186,50	187,50	188,50	189,50	190,50	191,50	192,50	193,50	194,50	195,50	196,50	197,50	198,50	199,50	200,50	201,50	202,50	203,50	204,50	205,50	206,50	207,50	208,50	209,50	210,50	211,50	212,50	213,50	214,50	215,50	216,50	217,50	218,50	219,50	220,50	221,50	222,50	223,50	224,50	225,50	226,50	227,50	228,50	229,50	230,50	231,50	232,50	233,50	234,50	235,50	236,50	237,50	238,50	239,50	240,50	241,50	242,50	243,50	244,50	245,50	246,50	247,50	248,50	249,50	250,50	251,50	252,50	253,50	254,50	255,50	256,50	257,50	258,50	259,50	260,50	261,50	262,50	263,50	264,50	265,50	266,50	267,50	268,50	269,50	270,50	271,50	272,50	273,50	274,50	275,50	276,50	277,50	278,50	279,50	280,50	281,50	282,50	283,50	284,50	285,50	286,50	287,50	288,50	289,50	290,50	291,50	292,50	293,50	294,50	295,50	296,50	297,50	298,50	299,50	300,50	301,50	302,50	303,50	304,50	305,50	306,50	307,50	308,50	309,50	310,50	311,50	312,50	313,50	314,50	315,50	316,50	317,50	318,50	319,50	320,50	321,50	322,50	323,50	324,50	325,50	326,50	327,50	328,50	329,50	330,50	331,50	332,50	333,50	334,50	335,50	336,50	337,50	338,50	339,50	340,50	341,50	342,50	343,50	344,50	345,50	346,50	347,50	348,50	349,50	350,50	351,50	352,50	353,50	354,50	355,50	356,50	357,50	358,50	359,50	360,50	361,50	362,50	363,50	364,50	365,50	366,50	367,50	368,50	369,50	370,50	371,50	372,50	373,50	374,50	375,50	376,50	377,50	378,50	379,50	380,50	381,50	382,50	383,50	384,50	385,50	386,50	387,50	388,50	389,50	390,50	391,50	392,50	393,50	394,50	395,50	396,50	397,50	398,50	399,50	400,50	401,50	402,50	403,50	404,50	405,50	406,50	407,50	408,50	409,50	410,50	411,50	412,50	413,50	414,50	415,50	416,50	417,50	418,50	419,50	420,50	421,50	422,50	423,50	424,50	425,50	426,50	427,50	428,50	429,50	430,50	431,50	432,50	433,50	434,50	435,50	436,50	437,50	438,50	439,50	440,50	441,50	442,50	443,50	444,50	445,50	446,50	447,50	448,50	449,50	450,50	451,50	452,50	453,50	454,50	455,50	456,50	457,50	458,50	459,50	460,50	461,50	462,50	463,50	464,50	465,50	466,50	467,50	468,50	469,50	470,50	471,50	472,50	473,50	474,50	475,50	476,50	477,50	478,50	479,50	480,50	481,50	482,50	483,50	484,50	485,50	486,50	487,50	488,50	489,50	490,50	491,50	492,50	493,50	494,50	495,50	496,50	497,50	498,50	499,50	500,50	501,50	502,50	503,50	504,50	505,50	506,50	507,50	508,50	509,50	510,50	511,50	512,50	513,50	514,50	515,50	516,50	517,50	518,50	519,50	520,50	521,50	522,50	523,50	524,50	525,50	526,50	527,50	528,50	529,50	530,50	531,50	532,50	533,50	534,50	535,50	536,50	537,50	538,50	539,50	540,50	541,50	542,50	543,50	544,50	545,50	546,50	547,50	548,50	549,50	550,50	551,50	552,50	553,50	554,50	555,50	556,50	557,50	558,50	559,50	560,50	561,50	562,50	563,50	564,50	565,50	566,50	567,50	568,50	569,50	570,50	571,50	572,50	573,50	574,50	575,50	576,50	577,50	578,50	579,50	580,50	581,50	582,50	583,50	584,50	585,50	586,50	587,50	588,50	589,50	590,50	591,50	592,50	593,50	594,50	595,50	596,50	597,50	598,50	599,50	600,50	601,50	602,50	603,50	604,50	605,50	606,50	607,50	608,50	609,50	610,50	611,50	612,50	613,50	614,50	615,50	616,50	617,50	618,50	619,50	620,50	621,50	622,50	623,50	624,50	625,50	626,50	627,50	628,50	629,50	630,50	631,50	632,50	633,50	634,50	635,50	636,50	637,50	638,50	639,50	640,50	641,50	642,50	643,50	644,50	645,50	646,50	647,50	648,50	649,50	650,50	651,50	652,50	653,50	654,50	655,50	656,50	657,50	658,50	659,50	660,50	661,50	662,50	663,50	664,50	665,50	666,50	667,50	668,50	669,50	670,50	671,50	672,50	673,50	674,50	675,50	676,50	677,50	678,50	679,50	680,50	681,50	682,50	683,50	684,50	685,50	686,50	687,50	688,50	689,50	690,50	691,50	692,50	693,50	694,50	695,50	696,50	697,50	698,50	699,50	700,50	701,50	702,50	703,50	704,50	705,50	706,50	707,50	708,50	709,50	710,50	711,50	712,50	713,50	714,50	715,50	716,50	717,50	718,50	719,50	720,50	721,50	722,50	723,50	724,50	725,50	726,50	727,50	728,50	729,50	730,50	731,50	732,50	733,50	734,50	735,50	736,50	737,50	738,50	739,50	740,50	741,50	742,50	743,50	744,50	745,50	746,50	747,50	748,50	749,50	750,50	751,50	752,50	753,50	754,50	755,50	756,50	757,50	758,50	759,50	760,50	761,50	762,50	763,50	764,50	765,50	766,50	767,50	768,50	769,50	770,50	771,50	772,50	773,50	774,50	775,50	776,50	777,50	778,50	779,50	780,50	781,50	782,50	783,50	784,50	785,50	786,50	787,50	788,50	789,50	790,50	791,50	792,50	793,50	794,50	795,50	796,50	797,50	798,50	799,50	800,50	801,50	802,50	803,50	804,50	805,50	806,50	807,50	808,50	809,50	810,50	811,50	812,50	813,50	814,50	815,50	816,50	817,50	818,50	819,50	820,50	821,50	822,50	823,50	824,50	825,50	826,50	827,50	828,50	829,50	830,50	831,50	832,50	833,50	834,50	835,50	836,50	837,50	838,50	839,50	840,50	841,50	842,50	843,50	844,50	845,50	846,50	847,50	848,50	849,50	850,50	851,50	852,50	853,50	854,50	855,50	856,50	857,50	858,50	859,50	860,50	861,50	862,50	863,50	864,50	865,50	866,50	867,50	868,50	869,50	870,50	871,50	872,50	873,50	874,50	875,50	876,50	877,50	878,50	879,50	880,50	881,50	882,50	883,50	884,50	885,50	886,50	887,50	888,50	889,50	890,50	891,50	892,50	893,50	894,50	895,50	896,50	897,50	898,50	899,50	900,50	901,50	902,50	903,50	904,50	905,50	906,50	907,50	908,50	909,50	910,50	911,50	912,50	913,50	914,50	915,50	916,50	917,50	918,50	919,50	920,50	921,50	922,50	923,50	924,50	925,50	926,50	927,50	928,50	929,50	930,50	931,50	932,50	933,50	934,50	935,50	936,50	937,50	938,50	939,50	940,50	941,50	942,50	943,50	944,50	945,50	946,50	947,50	948,50	949,50	950,50	951,50	952,50	953,50	954,50	955,50	956,50	957,50	958,50	959,50	960,50	961,50	962,50	963,50	964,50	965,50	966,50	967,50	968,50	969,50	970,50	971,50	972,50	973,50	974,50	975,50	976,50	977,50	978,50	979,50	980,50	981,50	982,50	983,50	984,50	985,50	986,50	987,50	988,50	989,50	990,50	991,50	992,50	993,50	994,50	995,50	996,50	997,50	998,50	999,50	1000,50	"y-axis"
-4,00	0,632	0,713	0,754	0,692	0,677	0,637	0,695	0,734	0,717	0,722	0,731	0,759	0,694	0,793	0,735	0,730	0,753	0,799	0,752	0,783	0,734	0,727	0,658	0,706	0,722	0,782	0,745	0,759	0,767	0,786	0,762	0,767	0,770	0,767	0,757	0,756	0,798	0,809	0,719	0,757	0,672	0,682	0,665	0,730	0,657	0,632	0,681	0,636	0,643	0,666	0,631	0,647	0,648	0,618	0,648	0,642	0,622	0,631	0,595	0,659	0,651	0,612	0,618	0,656	0,586	0,657	0,719	0,701	0,615	0,621	0,646	0,620	0,624	0,627	0,653	0,679	0,619	0,714	0,709	0,718	0,726	0,628	0,627	0,595	0,639	0,696	0,708	0,709	0,675	0,656	0,639	0,620	0,606	0,662	0,699	0,643	0,611	0,632	0,593	0,581	0,557	0,558	0,595	0,601	0,647	0,593	0,573	0,601	0,618	0,598	0,602	0,582	0,618	0,604	0,546	0,653	0,661	0,617	0,539	0,544	0,596	0,592	0,605	0,589	0,566	0,629	0,600	0,680	0,661	0,655	0,670	0,632	0,576	0,597	0,604	0,668	0,677	0,715	0,600	0,605	0,595	0,586	0,578	0,639	0,595	0,577	0,568	0,588	0,569	0,582	0,551	0,570	0,599	0,559	0,585	0,561	0,573	0,569	0,580	0,604	0,592	0,565	0,572	0,580	0,525	0,637	0,654	0,629	0,518	0,561	0,600	0,557	0,561	0,569	0,591	0,668	0,583	0,631	0,702	0,633	0,631	0,580	0,571	0,602	0,591	0,667	0,547	0,509	0,594	0,599	0,578	0,544	0,549	0,616	0,593	0,578	0,569	0,571	0,558	0,570	0,557	0,573	0,518	0,529	0,505	0,509	0,477	0,517	0,547	0,569	0,568	0,516	0,557	0,591	0,538	0,699	0,654	0,570	0,544	0,558	0,603	0,607	0,585	0,611	0,577	0,638	0,584	0,661	0,721	0,606	0,628	0,552	0,575	0,568	0,582	0,643	0,568	0,551	0,599	0,609	0,577	0,569	0,573	0,610	0,578	0,567	0,563	0,567	0,562	0,551	0,521	0,521	0,515	0,507	0,507	0,498	0,467	0,487	0,566	0,571	0,571	0,566	0,565	0,598	0,550	0,634	0,653	0,606	0,512	0,522	0,583	0,578	0,589	0,591	0,596	0,614	0,618	0,675	0,700	0,714	0,696	0,610	0,601	0,577	0,592	0,660	0,605	0,568	0,571	0,585	0,551	0,565	0,554	0,620	0,605	0,554	0,595	0,562	0,574	0,571	0,573	0,567	0,567	0,496	0,532	0,515	0,504	0,518	0,554	0,572	0,593	0,537	0,541	0,571	0,521	0,614	0,602	0,562	0,513	0,506	0,603	0,553	0,559	0,578	0,587	0,652	0,604	0,643	0,655	0,639	0,661	0,583	0,586	0,575	0,570	0,617	0,638	0,594	0,576	0,588	0,565	0,551	0,571	0,611	0,599	0,568	0,585	0,551	0,580	0,563	0,529	0,537	0,515	0,579	0,524	0,507	0,476	0,518	0,552	0,545	0,550	0,574	0,578	0,567	0,506	0,636	0,646	0,601	0,520	0,513	0,588	0,601	0,569	0,562	0,584	0,627	0,597	0,629	0,617	0,610	0,630	0,609	0,585	0,559	0,598	0,635	0,547	0,522	0,575	0,594	0,574	0,578	0,582	0,620	0,582	0,542	0,535	0,560	0,574	0,539	0,512	0,495	0,508	0,545	0,501	0,522	0,500	0,527	0,551	0,577	0,575	0,541	0,563	0,567	0,524	0,618	0,662	0,604	0,553	0,548	0,574	0,560	0,563	0,557	0,578	0,634	0,592	0,678	0,717	0,645	0,664	0,611	0,577	0,564	0,584	0,665	0,575	0,553	0,568	0,588	0,577	0,573	0,576	0,605	0,579	0,552	0,554	0,568	0,542	0,518	0,517	0,545	0,513	0,487	0,492	0,502	0,476	0,504	0,521	0,581	0,584	0,599	0,566	0,567	0,555	0,628	0,609	0,561	0,541	0,548	0,588	0,576	0,578	0,567	0,571	0,663	0,622	0,674	0,710	0,606	0,640	0,577	0,556	0,561	0,570	0,647	0,631	0,619	0,577	0,589	0,545	0,568	0,564	0,600	0,558	0,564	0,534	0,560	0,583	0,562	0,540	0,549	0,528	0,504	0,510	0,522	0,505	0,528	0,561	0,569	0,582	0,546	0,610	0,588	0,520	0,627	0,642	0,598	0,562	0,562	0,581	0,588	0,575	0,563	0,606	0,646	0,590	0,630	0,706	0,709	0,697	0,604	0,562	0,581	0,567	0,622	0,516	0,524	0,540	0,611	0,576	0,523	0,534	0,583	0,555	0,554	0,563	0,559	0,532	0,551	0,531	0,537	0,511	0,518	0,528	0,506	0,510	0,511	0,527	0,622	0,622	0,540	0,555	0,537	0,576	0,625	0,642	0,622	0,520	0,568	0,586	0,574	0,562	0,574	0,565	0,638	0,591	0,625	0,610	0,603	0,659	0,620	0,560	0,551	0,582	0,642	0,579	0,583	0,592	0,568	0,501	0,559	0,575	0,582	0,579	0,550	0,552	0,538	0,546	0,558	0,527	0,520	0,467	0,461	0,485	0,475	0,454	0,487	0,547	0,560	0,572	0,539	0,569	0,577	0,518	0,592	0,621	0,581	0,530	0,545	0,586	0,568	0,571	0,564	0,577	0,602	0,572	0,610	0,625	0,613	0,648	0,619	0,584	0,580	0,618	0,668	0,619	0,574	0,606	0,555	0,582	0,539	0,563	0,603	0,575	0,539	0,570	0,564	0,552	0,548	0,539	0,539	0,513	0,521	0,514	0,483	0,497	0,521	0,546	0,594	0,557	0,548	0,538	0,554	0,515	0,617	0,618	0,574	0,496	0,576	0,561	0,588	0,576	0,559	0,572	0,631	0,580	0,598	0,589	0,575	0,609	0,584	0,543	0,564	0,581	0,648	0,620	0,627	0,585	0,587	0,551	0,559	0,572	0,619	0,588	0,549	0,545	0,577	0,563	0,557	0,581	0,521	0,511	0,504	0,505	0,493	0,464	0,515	0,536	0,590	0,578	0,568	0,589	0,608	0,563	0,621	0,638	0,589	0,524	0,543	0,596	0,572	0,544	0,576	0,571	0,622	0,557	0,679	0,679	0,688	0,680	0,625	0,569	0,541	0,576	0,659	0,631	0,622	0,586	0,567	0,559	0,586	0,576	0,611	0,582	0,556	0,579	0,524	0,525	0,538	0,526	0,522	0,571	0,546	0,568	0,519	0,495	0,551	0,539	0,581	0,579	0,564	0,572	0,553	0,554	0,583	0,627	0,625	0,504	0,549	0,592	0,568	0,540	0,531	0,564	0,647	0,577	0,603	0,613	0,623	0,625	0,606	0,575	0,566	0,598	0,627	0,514	0,502	0,568	0,608	0,580	0,544	0,560	0,626	0,579	0,574	0,567	0,579	0,570	0,537	0,534	0,533	0,515	0,525	0,526	0,537	0,538	0,524	0,542	0,564	0,566	0,543	0,590	0,569	0,526	0,582	0,638	0,590	0,531	0,544	0,573	0,596	0,568	0,569	0,552	0,613	0,584	0,665	0,700	0,669	0,670	0,589	0,588	0,562	0,595	0,606	0,561	0,533	0,564	0,555	0,544	0,573	0,546	0,591	0,561	0,574	0,578	0,544	0,525	0,542	0,528	0,565	0,496	0,530	0,482	0,504	0,491	0,503	0,540	0,573	0,596	0,544	0,548	0,584	0,537	0,616	0,655	0,628	0,541	0,535	0,578	0,589	0,588	0,574	0,583	0,637	0,647	0,674	0,697	0,700	0,688	0,610	0,566	0,563	0,597	0,635	0,499	0,474	0,554	0,588	0,559	0,548	0,561	0,616	0,573	0,568	0,568	0,579	0,569	0,550	0,532	0,525	0,520	0,510	0,502	0,506	0,499	0,535	0,546	0,573	0,601	0,565	0,559	0,566	0,525	0,613	0,639	0,603	0,544	0,541	0,620	0,601	0,582	0,576	0,578	0,676	0,582	0,634	0,661	0,682	0,667	0,594	0,583	0,567	0,584	0,650	0,554	0,530	0,567	0,605	0,552	0,539	0,555	0,624	0,615	0,563	0,554	0,568	0,579	0,531	0,530	0,567	0,534	0,508	0,510	0,513	0,485	0,500	0,544	0,561	0,571	0,538	0,541	0,577	0,557	0,609	0,615	0,576	0,511	0,548	0,594	0,570	0,591	0,571	0,568	0,638	0,565	0,679	0,700	0,683	0,667	0,587	0,571	0,538	0,583	0,627	0,565	0,513	0,586	0,607	0,556	0,534	0,553	0,633	0,601	0,573	0,583	0,585	0,587	0,574	0,537	0,546
-3,00	0,693	0,657	0,687	0,669	0,718	0,700	0,799	0,767	0,685	0,723	0,703	0,719	0,705	0,694	0,662	0,698	0,722	0,680	0,685	0,696	0,648	0,746	0,712	0,735	0,746	0,724	0,730	0,761	0,747	0,757	0,744	0,691	0,720	0,755	0,723	0,708	0,771	0,690	0,727	0,709	0,682	0,662	0,627	0,628	0,654	0,675	0,654	0,640	0,665	0,661	0,613	0,620	0,629	0,620	0,660	0,622	0,550	0,589	0,569	0,605	0,618	0,622	0,589	0,621	0,631	0,593	0,625	0,617	0,628	0,645	0,623	0,613	0,591	0,584	0,741	0,715	0,711	0,595	0,583	0,603	0,632	0,602	0,609	0,696	0,749	0,609	0,644	0,670	0,622	0,635	0,617	0,603	0,604	0,561	0,635	0,558	0,613	0,646	0,606	0,598	0,533	0,528	0,591	0,591	0,611	0,590	0,569	0,586	0,584	0,585	0,594	0,617	0,565	0,588	0,581	0,560	0,583	0,608	0,590	0,552	0,582	0,653	0,653	0,577	0,660	0,685	0,691	0,575	0,528	0,553	0,575	0,590	0,590	0,537	0,547	0,593	0,543	0,564	0,599	0,668	0,633	0,583	0,539	0,560	0,573	0,562	0,595	0,577	0,583	0,595	0,577	0,599	0,584	0,567	0,551	0,564	0,550	0,565	0,596	0,562	0,581	0,580	0,554	0,554	0,479	0,509	0,490	0,536	0,523	0,497	0,552	0,564	0,591	0,597	0,694	0,721	0,708	0,583	0,549	0,522	0,560	0,605	0,561	0,568	0,602	0,577	0,588	0,593	0,605	0,584	0,562	0,595	0,582	0,529	0,520	0,594	0,572	0,583	0,580	0,555	0,552	0,557	0,557	0,562	0,545	0,550	0,564	0,552	0,537	0,558	0,530	0,516	0,525	0,502	0,467	0,573	0,567	0,526	0,552	0,540	0,554	0,606	0,596	0,604	0,710	0,694	0,733	0,556	0,560	0,568	0,566	0,567	0,564	0,580	0,598	0,572	0,539	0,568	0,617	0,584	0,549	0,568	0,567	0,533	0,519	0,593	0,567	0,540	0,616	0,635	0,553	0,572	0,553	0,532	0,523	0,553	0,577	0,580	0,519	0,596	0,547	0,502	0,485	0,468	0,451	0,478	0,552	0,531	0,508	0,527	0,550	0,591	0,577	0,556	0,703	0,720	0,698	0,542	0,541	0,575	0,610	0,608	0,620	0,648	0,637	0,549	0,551	0,539	0,531	0,554	0,565	0,565	0,597	0,562	0,587	0,579	0,626	0,579	0,590	0,591	0,536	0,542	0,577	0,543	0,521	0,536	0,542	0,557	0,556	0,546	0,538	0,530	0,490	0,483	0,560	0,507	0,505	0,506	0,497	0,501	0,543	0,574	0,570	0,551	0,669	0,678	0,679	0,565	0,598	0,570	0,586	0,610	0,587	0,529	0,548	0,555	0,532	0,530	0,557	0,588	0,536	0,552	0,574	0,518	0,546	0,540	0,573	0,525	0,588	0,607	0,563	0,533	0,611	0,537	0,573	0,551	0,541	0,574	0,578	0,557	0,526	0,488	0,461	0,454	0,447	0,492	0,522	0,538	0,509	0,490	0,525	0,614	0,628	0,608	0,658	0,676	0,663	0,581	0,573	0,566	0,567	0,596	0,578	0,614	0,628	0,553	0,572	0,557	0,600	0,581	0,551	0,564	0,602	0,530	0,507	0,602	0,567	0,542	0,591	0,617	0,531	0,536	0,564	0,549	0,566	0,550	0,548	0,572	0,557	0,554	0,538	0,539	0,519	0,510	0,479	0,516	0,507	0,524	0,509	0,486	0,579	0,552	0,629	0,524	0,679	0,718	0,703	0,559	0,553	0,589	0,570	0,568	0,571	0,571	0,594	0,582	0,548	0,545	0,583	0,540	0,562	0,545	0,606	0,529	0,551	0,548	0,566	0,573	0,569	0,592	0,562	0,563	0,568	0,530	0,538	0,509	0,527	0,559	0,534	0,546	0,552	0,508	0,484	0,473	0,471	0,476	0,530	0,534	0,518	0,483	0,549	0,553	0,598	0,566	0,700	0,718	0,690	0,527	0,511	0,603	0,609	0,568	0,569	0,627	0,623	0,534	0,578	0,582	0,580	0,538	0,554	0,553	0,588	0,540	0,585	0,548	0,572	0,566	0,602	0,552	0,539	0,547	0,561	0,533	0,540	0,534	0,541	0,557	0,543	0,561	0,542	0,520	0,526	0,474	0,486	0,507	0,500	0,543	0,517	0,506	0,559	0,571	0,596	0,572	0,681	0,702	0,724	0,567	0,552	0,574	0,594	0,603	0,583	0,553	0,558	0,577	0,557	0,539	0,567	0,580	0,570	0,548	0,580	0,552	0,557	0,528	0,557	0,561	0,533	0,543	0,516	0,587	0,578	0,545	0,579	0,548	0,532	0,533	0,535	0,555	0,552	0,551	0,591	0,541	0,518	0,492	0,456	0,483	0,483	0,472	0,558	0,607	0,577	0,567	0,641	0,673	0,630	0,585	0,522	0,587	0,584	0,613	0,578	0,620	0,619	0,565	0,570	0,567	0,532	0,597	0,540	0,516	0,564	0,493	0,596	0,523	0,546	0,545	0,564	0,548	0,530	0,563	0,563	0,547	0,500	0,534	0,538	0,551	0,551	0,549	0,554	0,547	0,480	0,488	0,476	0,493	0,497	0,521	0,498	0,472	0,557	0,569	0,578	0,586	0,641	0,631	0,656	0,549	0,571	0,609	0,618	0,586	0,619	0,645	0,659	0,579	0,580	0,554	0,545	0,521	0,544	0,513	0,537	0,537	0,578	0,538	0,544	0,528	0,571	0,582	0,552	0,543	0,647	0,541	0,601	0,542	0,527	0,572	0,529	0,545	0,538	0,522	0,522	0,476	0,462	0,532	0,533	0,550	0,519	0,532	0,587	0,563	0,584	0,567	0,627	0,631	0,630	0,557	0,543	0,546	0,597	0,562	0,570	0,620	0,609	0,532	0,559	0,528	0,502	0,562	0,562	0,553	0,572	0,512	0,496	0,557	0,542	0,577	0,582	0,540	0,525	0,545	0,550	0,530	0,531	0,528	0,543	0,564	0,577	0,542	0,526	0,553	0,529	0,581	0,550	0,498	0,488	0,542	0,532	0,487	0,551	0,624	0,603	0,552	0,674	0,640	0,685	0,568	0,571	0,533	0,569	0,581	0,588	0,536	0,546	0,543	0,542	0,551	0,593	0,579	0,574	0,536	0,606	0,539	0,554	0,547	0,660	0,618	0,568	0,579	0,522	0,557	0,570	0,589	0,583	0,557	0,518	0,545	0,547	0,551	0,571	0,572	0,523	0,510	0,477	0,480	0,477	0,501	0,502	0,474	0,531	0,561	0,589	0,570	0,618	0,630	0,645	0,576	0,532	0,566	0,672	0,658	0,553	0,570	0,585	0,535	0,562	0,568	0,548	0,572	0,544	0,548	0,569	0,540	0,532	0,565	0,572	0,629	0,608	0,603	0,547	0,548	0,577	0,515	0,539	0,564	0,559	0,573	0,542	0,559	0,567	0,553	0,523	0,532	0,504	0,502	0,474	0,495	0,491	0,448	0,551	0,613	0,625	0,592	0,700	0,701	0,716	0,574	0,565	0,610	0,560	0,578	0,594	0,570	0,607	0,572	0,598	0,565	0,571	0,561	0,564	0,533	0,542	0,515	0,521	0,568	0,558	0,507	0,588	0,616	0,562	0,560	0,586	0,533	0,547	0,545	0,527	0,552	0,537	0,551	0,553	0,522	0,530	0,490	0,488	0,516	0,516	0,553	0,545	0,545	0,594	0,607	0,611	0,643	0,691	0,708	0,704	0,553	0,581	0,589	0,578	0,572	0,557	0,601	0,605	0,552	0,574	0,536	0,542	0,588	0,555	0,563	0,557	0,537	0,542	0,573	0,548	0,532	0,590	0,619	0,550	0,562	0,575	0,521	0,500	0,535	0,549	0,556	0,548	0,547	0,583	0,539	0,476	0,504	0,463	0,502	0,491	0,516	0,501	0,519	0,567	0,570	0,606	0,569	0,687	0,647	0,671	0,599	0,541	0,590	0,624	0,576	0,590	0,545	0,551	0,552	0,538	0,564	0,598	0,567	0,560	0,560	0,573	0,519	0,568	0,565	0,588	0,562	0,586	0,594	0,584	0,549	0,614	0,523	0,576	0,548	0,520	0,554	0,530	0,576	0,559	0,531	0,487	0,519	0,490	0,522	0,530	0,548	0,561	0,541	0,572	0,527	0,623	0,588	0,718	0,683	0,690	0,585	0,517	0,549	0,603	0,597	0,598	0,596	0,631	0,540	0,552	0,551	0,577	0,602	0,583	0,553	0,532	0,530	0,552	0,566	0,589	0,573	0,573	0,588	0,549	0,561
-2,00	0,690	0,693	0,760	0,738	0,641	0,732	0,815	0,704	0,799	0,723	0,708	0,766	0,701	0,706	0,677	0,688	0,725	0,771	0,695	0,716	0,716	0,692	0,812	0,732	0,710	0,847	0,836	0,820	0,777	0,757	0,785	0,715	0,653	0,676	0,710	0,704	0,673	0,652	0,683	0,619	0,644	0,648	0,615	0,687	0,630	0,602	0,690	0,617	0,642	0,629	0,636	0,594	0,601	0,606	0,599	0,608	0,675	0,570	0,728	0,666	0,594	0,649	0,640	0,653	0,617	0,735	0,648	0,713	0,668	0,620	0,642	0,651	0,654	0,671	0,616	0,707	0,696	0,704	0,619	0,642	0,686	0,598	0,579	0,577	0,617	0,646	0,632	0,597	0,595	0,631	0,650	0,629	0,596	0,631	0,556	0,613	0,608	0,615	0,567	0,593	0,559	0,546	0,584	0,623	0,567	0,600	0,626	0,568	0,666	0,575	0,575	0,621	0,589	0,608	0,675	0,617	0,616	0,669	0,580	0,569	0,586	0,613	0,619	0,548	0,567	0,592	0,611	0,576	0,618	0,599	0,611	0,554	0,560	0,586	0,591	0,601	0,564	0,581	0,622	0,584	0,625	0,624	0,607	0,597	0,564	0,579	0,579	0,584	0,565	0,566	0,565	0,595	0,605	0,653	0,595	0,560	0,509	0,513	0,548	0,521	0,523	0,626	0,575	0,607	0,566	0,625	0,621	0,640	0,594	0,581	0,609	0,605	0,587	0,623	0,630	0,677	0,619	0,609	0,590	0,586	0,567	0,576	0,561	0,544	0,543	0,626	0,601	0,558	0,550	0,569	0,589	0,552	0,567	0,586	0,626	0,597	0,537	0,560	0,574	0,554	0,659	0,571	0,561	0,623	0,584	0,532	0,544	0,515	0,543	0,509	0,507	0,572	0,562	0,591	0,559	0,649	0,609	0,660	0,614	0,586	0,611	0,578	0,614	0,628	0,596	0,654	0,601	0,582	0,566	0,590	0,560	0,535	0,551	0,627	0,633	0,622	0,550	0,524	0,614	0,594	0,547	0,536	0,526	0,597	0,576	0,562	0,591	0,571	0,605	0,539	0,530	0,540	0,543	0,577	0,550	0,507	0,530	0,527	0,614	0,515	0,517	0,560	0,557	0,601	0,571	0,659	0,610	0,682	0,591	0,588	0,590	0,602	0,595	0,521	0,555	0,615	0,605	0,591	0,570	0,583	0,606	0,584	0,594	0,575	0,559	0,555	0,593	0,558	0,601	0,581	0,560	0,539	0,538	0,602	0,562	0,558	0,595	0,582	0,545	0,561	0,586	0,532	0,547	0,587	0,547	0,531	0,540	0,527	0,558	0,511	0,556	0,591	0,579	0,612	0,540	0,705	0,594	0,654	0,616	0,560	0,547	0,566	0,552	0,591	0,593	0,681	0,641	0,602	0,557	0,563	0,611	0,586	0,554	0,567	0,571	0,549	0,568	0,522	0,565	0,572	0,570	0,557	0,549	0,600	0,604	0,571	0,581	0,577	0,573	0,573	0,617	0,572	0,575	0,601	0,562	0,543	0,506	0,541	0,554	0,506	0,534	0,630	0,533	0,610	0,553	0,620	0,559	0,589	0,579	0,591	0,562	0,602	0,564	0,564	0,574	0,645	0,601	0,584	0,567	0,548	0,538	0,602	0,556	0,560	0,564	0,579	0,580	0,577	0,610	0,551	0,574	0,535	0,520	0,587	0,549	0,572	0,582	0,565	0,541	0,528	0,557	0,531	0,632	0,568	0,587	0,549	0,552	0,515	0,540	0,492	0,523	0,635	0,539	0,590	0,568	0,666	0,589	0,671	0,578	0,541	0,574	0,566	0,552	0,531	0,531	0,594	0,608	0,599	0,581	0,592	0,557	0,559	0,555	0,599	0,549	0,579	0,560	0,516	0,573	0,578	0,547	0,558	0,580	0,606	0,578	0,583	0,522	0,546	0,534	0,557	0,541	0,551	0,582	0,613	0,596	0,534	0,537	0,544	0,553	0,513	0,567	0,607	0,634	0,604	0,546	0,653	0,586	0,614	0,575	0,567	0,590	0,602	0,568	0,555	0,565	0,623	0,606	0,575	0,527	0,604	0,577	0,591	0,558	0,572	0,579	0,554	0,572	0,564	0,583	0,577	0,554	0,557	0,548	0,618	0,550	0,568	0,550	0,552	0,632	0,537	0,515	0,528	0,533	0,566	0,549	0,523	0,510	0,533	0,577	0,528	0,505	0,575	0,554	0,589	0,567	0,614	0,570	0,616	0,594	0,583	0,598	0,602	0,599	0,555	0,573	0,655	0,579	0,554	0,532	0,580	0,608	0,550	0,546	0,560	0,590	0,585	0,570	0,570	0,614	0,572	0,605	0,535	0,562	0,616	0,572	0,558	0,572	0,607	0,571	0,546	0,566	0,557	0,555	0,597	0,566	0,530	0,542	0,518	0,517	0,483	0,519	0,572	0,563	0,594	0,521	0,619	0,568	0,673	0,607	0,576	0,572	0,559	0,575	0,550	0,546	0,626	0,587	0,571	0,547	0,576	0,589	0,584	0,528	0,546	0,597	0,531	0,549	0,522	0,582	0,594	0,580	0,492	0,492	0,562	0,539	0,554	0,553	0,577	0,543	0,523	0,520	0,552	0,577	0,578	0,545	0,531	0,557	0,516	0,532	0,495	0,505	0,546	0,570	0,582	0,569	0,731	0,610	0,670	0,593	0,565	0,579	0,564	0,612	0,570	0,549	0,638	0,635	0,599	0,592	0,615	0,606	0,587	0,602	0,600	0,612	0,564	0,541	0,555	0,592	0,514	0,555	0,552	0,556	0,619	0,624	0,627	0,543	0,555	0,559	0,529	0,539	0,540	0,555	0,581	0,614	0,533	0,561	0,551	0,567	0,512	0,555	0,572	0,543	0,582	0,560	0,697	0,542	0,642	0,579	0,556	0,556	0,603	0,567	0,553	0,540	0,618	0,554	0,527	0,548	0,573	0,633	0,534	0,527	0,550	0,575	0,575	0,591	0,549	0,566	0,602	0,593	0,544	0,514	0,583	0,562	0,621	0,559	0,540	0,567	0,576	0,544	0,514	0,562	0,567	0,565	0,541	0,545	0,520	0,529	0,520	0,551	0,604	0,552	0,567	0,564	0,622	0,576	0,648	0,632	0,599	0,584	0,586	0,608	0,590	0,588	0,668	0,632	0,621	0,586	0,579	0,592	0,554	0,563	0,544	0,591	0,684	0,564	0,548	0,604	0,583	0,582	0,537	0,538	0,597	0,542	0,570	0,564	0,551	0,547	0,565	0,519	0,536	0,598	0,637	0,563	0,516	0,537	0,501	0,561	0,515	0,465	0,523	0,557	0,600	0,541	0,676	0,624	0,647	0,606	0,561	0,594	0,594	0,570	0,551	0,573	0,620	0,593	0,604	0,559	0,611	0,595	0,567	0,561	0,570	0,609	0,569	0,584	0,552	0,582	0,596	0,592	0,547	0,534	0,608	0,553	0,620	0,538	0,529	0,530	0,538	0,560	0,562	0,593	0,624	0,561	0,534	0,515	0,500	0,534	0,484	0,502	0,576	0,559	0,644	0,525	0,715	0,577	0,664	0,584	0,568	0,590	0,579	0,601	0,560	0,565	0,615	0,598	0,568	0,527	0,556	0,571	0,577	0,560	0,586	0,590	0,546	0,560	0,553	0,603	0,560	0,563	0,540	0,528	0,609	0,560	0,598	0,552	0,576	0,550	0,558	0,556	0,560	0,562	0,594	0,566	0,539	0,517	0,523	0,545	0,507	0,533	0,643	0,575	0,580	0,563	0,678	0,592	0,653	0,606	0,600	0,580	0,587	0,565	0,553	0,578	0,631	0,614	0,607	0,568	0,579	0,591	0,600	0,546	0,592	0,583	0,585	0,548	0,539	0,593	0,557	0,583	0,557	0,544	0,579	0,576	0,588	0,549	0,543	0,556	0,568	0,546	0,533	0,588	0,604	0,556	0,532	0,545	0,497	0,558	0,501	0,506	0,529	0,564	0,599	0,562	0,715	0,540	0,641	0,594	0,557	0,539	0,577	0,580	0,529	0,549	0,589	0,575	0,570	0,563	0,575	0,590	0,545	0,561	0,601	0,622	0,592	0,552	0,560	0,603	0,574	0,581	0,545	0,557	0,575	0,594	0,592	0,589	0,609	0,564	0,573	0,558	0,544	0,615	0,625	0,599	0,509	0,530	0,559	0,573	0,519	0,583	0,609	0,580	0,623	0,557	0,651	0,552	0,624	0,626	0,614	0,581	0,585	0,597	0,588	0,602	0,689	0,588	0,578	0,556	0,618	0,616	0,577	0,566	0,561	0,574	0,578	0,596	0,561	0,617	0,576	0,616	0,559	0,547	0,590	0,606	0,575	0,578	0,589	0,592	0,584	0,550	0,575
-1,00	0,658	0,629	0,748	0,673	0,684	0,825	0,801	0,859	0,704	0,756	0,764	0,706	0,791	0,838	0,752	0,738	0,743	0,740	0,743	0,710	0,736	0,677	0,749	0,734	0,820	0,757	0,791	0,853	0,823	0,672	0,706	0,757	0,738	0,757	0,735	0,754	0,703	0,623	0,651	0,673	0,663	0,646	0,597	0,631	0,607	0,643	0,687	0,584	0,609	0,594	0,603	0,576	0,633	0,622	0,627	0,646	0,647	0,684	0,637	0,706	0,642	0,702	0,714	0,787	0,630	0,637	0,633	0,653	0,629	0,690	0,702	0,681	0,648	0,652	0,657	0,660	0,761	0,787	0,765	0,622	0,628	0,639	0,682	0,709	0,712	0,620	0,610	0,599	0,552	0,587	0,639	0,574	0,586	0,571	0,594	0,535	0,593	0,678	0,648	0,646	0,620	0,554	0,611	0,601	0,641	0,657	0,623	0,648	0,617	0,690	0,614	0,601	0,663	0,750	0,654	0,584	0,593	0,629	0,625	0,650	0,612	0,577	0,530	0,603	0,610	0,668	0,704	0,766	0,733	0,588	0,560	0,587	0,672	0,742	0,690	0,572	0,545	0,607	0,589	0,588	0,527	0,536	0,552	0,560	0,550	0,543	0,615	0,590	0,653	0,655	0,665	0,577	0,621	0,565	0,614	0,631	0,588	0,664	0,604	0,631	0,621	0,591	0,680	0,674	0,572	0,588	0,607	0,599	0,671	0,651	0,657	0,611	0,566	0,592	0,610	0,658	0,715	0,739	0,724	0,580	0,545	0,552	0,645	0,719	0,680	0,597	0,618	0,540	0,537	0,570	0,542	0,550	0,531	0,567	0,557	0,562	0,589	0,683	0,686	0,620	0,701	0,563	0,606	0,564	0,615	0,630	0,582	0,666	0,611	0,633	0,558	0,547	0,663	0,710	0,598	0,594	0,579	0,604	0,646	0,610	0,624	0,571	0,575	0,611	0,616	0,674	0,661	0,702	0,704	0,561	0,562	0,594	0,628	0,722	0,702	0,592	0,607	0,540	0,520	0,561	0,554	0,591	0,538	0,546	0,566	0,564	0,590	0,681	0,665	0,659	0,674	0,539	0,584	0,550	0,575	0,615	0,542	0,636	0,619	0,625	0,589	0,569	0,662	0,729	0,546	0,568	0,565	0,607	0,618	0,646	0,661	0,635	0,544	0,609	0,667	0,700	0,673	0,698	0,691	0,555	0,584	0,594	0,654	0,695	0,678	0,609	0,555	0,538	0,552	0,570	0,532	0,527	0,536	0,561	0,584	0,541	0,585	0,685	0,700	0,621	0,641	0,554	0,608	0,542	0,588	0,612	0,577	0,618	0,544	0,615	0,573	0,576	0,692	0,708	0,566	0,586	0,564	0,597	0,637	0,661	0,663	0,667	0,594	0,598	0,617	0,652	0,702	0,749	0,748	0,579	0,601	0,573	0,602	0,688	0,645	0,624	0,590	0,548	0,524	0,549	0,536	0,528	0,507	0,538	0,551	0,563	0,564	0,705	0,682	0,641	0,632	0,569	0,604	0,569	0,601	0,631	0,559	0,596	0,610	0,644	0,568	0,593	0,658	0,692	0,643	0,574	0,567	0,604	0,620	0,609	0,585	0,568	0,538	0,566	0,584	0,644	0,708	0,771	0,779	0,602	0,565	0,593	0,617	0,688	0,687	0,613	0,549	0,552	0,557	0,594	0,520	0,547	0,517	0,507	0,544	0,561	0,603	0,696	0,670	0,642	0,605	0,538	0,610	0,560	0,564	0,586	0,597	0,585	0,581	0,637	0,576	0,551	0,669	0,704	0,565	0,539	0,556	0,592	0,709	0,731	0,706	0,657	0,486	0,599	0,637	0,687	0,667	0,730	0,720	0,560	0,554	0,538	0,605	0,666	0,651	0,593	0,560	0,535	0,535	0,568	0,565	0,537	0,549	0,535	0,550	0,545	0,562	0,678	0,650	0,591	0,609	0,574	0,638	0,591	0,595	0,592	0,580	0,623	0,557	0,636	0,595	0,587	0,669	0,705	0,535	0,633	0,536	0,582	0,661	0,634	0,616	0,600	0,518	0,595	0,653	0,673	0,683	0,729	0,735	0,548	0,562	0,598	0,608	0,639	0,610	0,558	0,558	0,535	0,558	0,581	0,524	0,542	0,546	0,542	0,567	0,562	0,615	0,684	0,692	0,673	0,655	0,550	0,568	0,529	0,575	0,594	0,579	0,603	0,575	0,652	0,590	0,550	0,635	0,694	0,573	0,596	0,550	0,601	0,653	0,640	0,641	0,615	0,526	0,578	0,605	0,680	0,650	0,691	0,715	0,551	0,564	0,582	0,623	0,641	0,638	0,597	0,570	0,538	0,578	0,584	0,517	0,545	0,530	0,551	0,558	0,578	0,597	0,624	0,634	0,592	0,591	0,540	0,595	0,573	0,584	0,601	0,593	0,620	0,590	0,655	0,609	0,571	0,683	0,708	0,582	0,619	0,580	0,592	0,627	0,644	0,626	0,607	0,508	0,593	0,615	0,646	0,688	0,726	0,734	0,542	0,560	0,571	0,630	0,665	0,637	0,610	0,597	0,533	0,541	0,589	0,529	0,494	0,530	0,539	0,569	0,526	0,595	0,677	0,680	0,655	0,659	0,532	0,578	0,542	0,559	0,597	0,535	0,644	0,592	0,623	0,573	0,560	0,674	0,725	0,556	0,579	0,583	0,594	0,638	0,688	0,685	0,667	0,555	0,593	0,610	0,638	0,658	0,730	0,693	0,584	0,575	0,595	0,641	0,691	0,649	0,589	0,597	0,513	0,510	0,579	0,521	0,549	0,534	0,523	0,572	0,601	0,587	0,678	0,680	0,651	0,636	0,564	0,614	0,560	0,623	0,664	0,532	0,624	0,589	0,600	0,580	0,570	0,639	0,662	0,547	0,584	0,581	0,570	0,637	0,677	0,684	0,667	0,533	0,591	0,604	0,669	0,667	0,712	0,696	0,543	0,583	0,596	0,600	0,713	0,656	0,584	0,569	0,542	0,531	0,559	0,528	0,548	0,523	0,541	0,557	0,574	0,592	0,595	0,586	0,578	0,576	0,569	0,610	0,554	0,591	0,622	0,598	0,666	0,574	0,623	0,606	0,569	0,641	0,643	0,539	0,567	0,577	0,625	0,624	0,629	0,645	0,641	0,577	0,612	0,601	0,624	0,674	0,730	0,702	0,558	0,547	0,593	0,635	0,722	0,680	0,588	0,561	0,551	0,557	0,570	0,529	0,511	0,529	0,533	0,558	0,600	0,561	0,690	0,664	0,662	0,668	0,551	0,605	0,581	0,591	0,627	0,567	0,605	0,577	0,644	0,581	0,558	0,601	0,692	0,571	0,581	0,590	0,601	0,663	0,680	0,697	0,707	0,564	0,593	0,605	0,658	0,687	0,732	0,740	0,546	0,576	0,574	0,608	0,684	0,642	0,566	0,586	0,549	0,531	0,557	0,531	0,546	0,525	0,548	0,576	0,574	0,579	0,650	0,654	0,638	0,658	0,561	0,618	0,616	0,590	0,644	0,594	0,611	0,564	0,590	0,564	0,580	0,650	0,679	0,570	0,600	0,578	0,612	0,679	0,698	0,667	0,650	0,529	0,582	0,591	0,608	0,677	0,743	0,703	0,576	0,584	0,611	0,618	0,692	0,668	0,578	0,545	0,547	0,563	0,573	0,523	0,558	0,547	0,557	0,543	0,533	0,575	0,650	0,616	0,619	0,625	0,541	0,604	0,545	0,586	0,628	0,607	0,640	0,575	0,648	0,583	0,562	0,648	0,703	0,615	0,558	0,579	0,612	0,667	0,713	0,710	0,656	0,547	0,582	0,599	0,617	0,684	0,751	0,722	0,571	0,564	0,569	0,614	0,697	0,697	0,556	0,568	0,553	0,545	0,580	0,548	0,589	0,551	0,549	0,593	0,539	0,573	0,614	0,635	0,595	0,622	0,568	0,621	0,563	0,593	0,629	0,554	0,590	0,605	0,647	0,589	0,581	0,633	0,693	0,566	0,571	0,535	0,640	0,673	0,688	0,701	0,664	0,515	0,570	0,594	0,665	0,642	0,706	0,750	0,565	0,572	0,584	0,605	0,666	0,663	0,596	0,587	0,557	0,545	0,598	0,494	0,551	0,552	0,582	0,593	0,558	0,606	0,724	0,690	0,688	0,633	0,587	0,606	0,571	0,584	0,606	0,588	0,642	0,605	0,640	0,583	0,587	0,644	0,680	0,578	0,592	0,600	0,622	0,641	0,624	0,622	0,610	0,547	0,592	0,587	0,697	0,731	0,770	0,756	0,607	0,599	0,611	0,614	0,687	0,670	0,578	0,582	0,540	0,537	0,551	0,560	0,581	0,582	0,596	0,621	0,578	0,590	0,690	0,697	0,710	0,716	0,604
0,00	0,707	0,787	0,754	0,786	0,791	0,776	0,775	0,796	0,730	0,709	0,678	0,718	0,736	0,755	0,749	0,774	0,783	0,758	0,741	0,800	0,759	0,676	0,806	0,738	0,818	0,770	0,776	0,731	0,742	0,723	0,702	0,793	0,699	0,749	0,681	0,737	0,709	0,651	0,678	0,657	0,596	0,674	0,650	0,695	0,643	0,649	0,673	0,595	0,661	0,632	0,663	0,698	0,670	0,685	0,669	0,652	0,676	0,748	0,700	0,663	0,721	0,605	0,657	0,674	0,642	0,669	0,678	0,657	0,634	0,682	0,670	0,643	0,698	0,667	0,662	0,696	0,702	0,656	0,644	0,649	0,643	0,654	0,677	0,598	0,598	0,685	0,617	0,565	0,639	0,574	0,559	0,611	0,587	0,620	0,637	0,648	0,625	0,582	0,613	0,588	0,596	0,640	0,596	0,626	0,637	0,617	0,654	0,685	0,616	0,590	0,626	0,596	0,610	0,610	0,614	0,580	0,649	0,669	0,636	0,621	0,643	0,644	0,627	0,677	0,693	0,684	0,730	0,674	0,626	0,644	0,601	0,623	0,608	0,568	0,554	0,610	0,597	0,554	0,591	0,562	0,514	0,517	0,537	0,556	0,536	0,566	0,591	0,560	0,596	0,595	0,611	0,630	0,595	0,646	0,607	0,598	0,602	0,624	0,606	0,568	0,647	0,578	0,576	0,607	0,568	0,574	0,621	0,644	0,601	0,612	0,630	0,618	0,611	0,668	0,695	0,669	0,659	0,635	0,576	0,592	0,604	0,621	0,607	0,565	0,577	0,606	0,598	0,573	0,565	0,540	0,509	0,522	0,548	0,545	0,563	0,576	0,541	0,622	0,569	0,560	0,573	0,624	0,559	0,619	0,588	0,598	0,607	0,629	0,614	0,591	0,577	0,556	0,583	0,590	0,561	0,604	0,639	0,598	0,588	0,599	0,599	0,591	0,614	0,582	0,613	0,614	0,631	0,631	0,592	0,566	0,568	0,594	0,586	0,574	0,556	0,582	0,563	0,540	0,560	0,587	0,525	0,517	0,571	0,571	0,545	0,552	0,579	0,556	0,557	0,560	0,557	0,630	0,584	0,597	0,555	0,579	0,620	0,640	0,610	0,596	0,597	0,544	0,565	0,581	0,557	0,567	0,638	0,560	0,569	0,605	0,605	0,589	0,649	0,671	0,707	0,682	0,690	0,618	0,619	0,554	0,576	0,575	0,509	0,535	0,579	0,590	0,590	0,569	0,578	0,553	0,521	0,516	0,509	0,527	0,565	0,575	0,605	0,549	0,589	0,558	0,578	0,612	0,589	0,618	0,575	0,567	0,640	0,658	0,602	0,581	0,593	0,587	0,573	0,613	0,588	0,589	0,609	0,589	0,591	0,575	0,626	0,601	0,652	0,655	0,663	0,650	0,668	0,658	0,620	0,602	0,620	0,597	0,615	0,595	0,551	0,587	0,547	0,539	0,584	0,561	0,527	0,511	0,547	0,546	0,537	0,541	0,554	0,541	0,577	0,550	0,564	0,605	0,548	0,605	0,550	0,542	0,636	0,607	0,607	0,558	0,585	0,569	0,578	0,690	0,575	0,582	0,602	0,614	0,580	0,605	0,622	0,597	0,583	0,642	0,645	0,637	0,608	0,637	0,594	0,588	0,598	0,604	0,588	0,576	0,554	0,578	0,610	0,556	0,579	0,554	0,539	0,500	0,531	0,553	0,541	0,557	0,540	0,553	0,563	0,546	0,554	0,611	0,579	0,629	0,559	0,572	0,605	0,607	0,625	0,578	0,579	0,552	0,556	0,589	0,581	0,573	0,575	0,609	0,580	0,593	0,605	0,579	0,714	0,670	0,680	0,693	0,726	0,602	0,600	0,596	0,582	0,567	0,575	0,555	0,555	0,579	0,563	0,550	0,528	0,522	0,529	0,553	0,565	0,556	0,556	0,524	0,525	0,578	0,593	0,542	0,562	0,628	0,575	0,600	0,566	0,587	0,618	0,684	0,630	0,589	0,602	0,580	0,575	0,580	0,578	0,556	0,561	0,600	0,581	0,583	0,578	0,581	0,664	0,664	0,674	0,661	0,624	0,600	0,624	0,593	0,606	0,575	0,554	0,541	0,531	0,562	0,579	0,545	0,543	0,547	0,521	0,496	0,528	0,542	0,515	0,562	0,526	0,574	0,638	0,581	0,558	0,612	0,567	0,591	0,540	0,560	0,597	0,613	0,607	0,597	0,589	0,547	0,561	0,580	0,577	0,594	0,581	0,620	0,579	0,616	0,600	0,577	0,646	0,670	0,674	0,694	0,681	0,623	0,584	0,585	0,625	0,690	0,646	0,558	0,573	0,571	0,553	0,544	0,570	0,543	0,524	0,506	0,512	0,537	0,569	0,612	0,585	0,573	0,598	0,549	0,576	0,615	0,543	0,650	0,572	0,606	0,596	0,668	0,623	0,609	0,559	0,536	0,573	0,592	0,553	0,594	0,591	0,582	0,556	0,605	0,604	0,586	0,619	0,664	0,684	0,649	0,664	0,631	0,612	0,585	0,579	0,569	0,574	0,562	0,581	0,574	0,605	0,559	0,562	0,539	0,523	0,540	0,538	0,550	0,546	0,535	0,542	0,565	0,573	0,550	0,549	0,595	0,572	0,605	0,542	0,553	0,588	0,622	0,592	0,612	0,586	0,576	0,586	0,576	0,579	0,600	0,550	0,600	0,588	0,598	0,621	0,591	0,707	0,683	0,659	0,686	0,733	0,630	0,599	0,589	0,564	0,586	0,593	0,595	0,573	0,595	0,549	0,545	0,551	0,558	0,509	0,503	0,539	0,543	0,564	0,550	0,569	0,572	0,587	0,541	0,582	0,616	0,590	0,602	0,551	0,603	0,638	0,652	0,604	0,601	0,555	0,552	0,549	0,590	0,556	0,602	0,632	0,589	0,589	0,588	0,591	0,598	0,702	0,729	0,735	0,716	0,725	0,598	0,572	0,573	0,602	0,598	0,597	0,589	0,566	0,581	0,585	0,530	0,574	0,557	0,513	0,498	0,545	0,585	0,585	0,583	0,565	0,549	0,606	0,574	0,607	0,617	0,571	0,622	0,583	0,586	0,605	0,679	0,587	0,578	0,600	0,570	0,591	0,578	0,542	0,572	0,566	0,615	0,584	0,594	0,603	0,602	0,634	0,664	0,677	0,658	0,671	0,621	0,573	0,562	0,590	0,601	0,588	0,580	0,591	0,574	0,557	0,568	0,573	0,543	0,518	0,507	0,521	0,550	0,547	0,546	0,523	0,546	0,586	0,559	0,581	0,625	0,588	0,625	0,542	0,574	0,637	0,642	0,624	0,559	0,548	0,534	0,581	0,595	0,554	0,624	0,597	0,596	0,583	0,583	0,576	0,568	0,704	0,682	0,672	0,717	0,732	0,633	0,601	0,614	0,608	0,580	0,580	0,544	0,557	0,577	0,592	0,560	0,563	0,561	0,525	0,502	0,535	0,535	0,541	0,524	0,538	0,529	0,592	0,555	0,576	0,624	0,588	0,645	0,583	0,616	0,653	0,645	0,622	0,562	0,588	0,541	0,579	0,585	0,589	0,586	0,643	0,582	0,609	0,600	0,615	0,619	0,699	0,705	0,652	0,705	0,710	0,605	0,566	0,595	0,597	0,574	0,549	0,580	0,561	0,558	0,567	0,562	0,552	0,563	0,522	0,525	0,564	0,585	0,570	0,538	0,550	0,583	0,586	0,549	0,550	0,620	0,584	0,615	0,567	0,583	0,598	0,650	0,589	0,604	0,575	0,564	0,585	0,609	0,579	0,578	0,553	0,604	0,578	0,605	0,623	0,570	0,659	0,710	0,738	0,704	0,694	0,603	0,594	0,579	0,587	0,592	0,573	0,552	0,553	0,559	0,572	0,552	0,575	0,566	0,532	0,527	0,526	0,557	0,532	0,522	0,512	0,551	0,619	0,567	0,582	0,609	0,577	0,601	0,536	0,552	0,605	0,655	0,600	0,591	0,582	0,557	0,565	0,602	0,562	0,561	0,533	0,579	0,578	0,602	0,615	0,587	0,698	0,681	0,667	0,693	0,699	0,603	0,578	0,546	0,554	0,562	0,593	0,557	0,570	0,604	0,574	0,550	0,576	0,569	0,527	0,489	0,499	0,543	0,512	0,554	0,585	0,575	0,602	0,565	0,644	0,651	0,606	0,632	0,581	0,565	0,656	0,650	0,584	0,562	0,596	0,553	0,578	0,589	0,594	0,617	0,615	0,623	0,594	0,616	0,608	0,557	0,653	0,684	0,691	0,688	0,675	0,635	0,619	0,587	0,608	0,585	0,592	0,553	0,566	0,592	0,601	0,558	0,596	0,568	0,541	0,520	0,553	0,571	0,557	0,577	0,576	0,587	0,584	0,595	0,591	0,653
1,00	0,731	0,803	0,778	0,737	0,763	0,798	0,736	0,749	0,785	0,861	0,774	0,712	0,811	0,797	0,732	0,773	0,730	0,711	0,675	0,736	0,698	0,729	0,708	0,742	0,760	0,805	0,883	0,845	0,846	0,709	0,728	0,785	0,694	0,789	0,809	0,710	0,688	0,648	0,683	0,648	0,667	0,636	0,663	0,651	0,694	0,624	0,642	0,621	0,653	0,656	0,611	0,612	0,676	0,613	0,680	0,646	0,692	0,697	0,700	0,670	0,640	0,619	0,712	0,713	0,639	0,683	0,621	0,679	0,651	0,621	0,612	0,618	0,583	0,615	0,607	0,690	0,766	0,644	0,625	0,692	0,725	0,653	0,668	0,692	0,635	0,576	0,581	0,579	0,596	0,641	0,629	0,608	0,570	0,630	0,610	0,600	0,643	0,586	0,550	0,561	0,598	0,592	0,638	0,581	0,645	0,628	0,642	0,669	0,658	0,629	0,590	0,591	0,675	0,649	0,570	0,598	0,618	0,659	0,653	0,632	0,621	0,583	0,614	0,636	0,631	0,650	0,709	0,684	0,665	0,633	0,647	0,590	0,624	0,651	0,654	0,581	0,580	0,583	0,562	0,579	0,597	0,588	0,561	0,583	0,559	0,540	0,541	0,534	0,566	0,564	0,617	0,613	0,634	0,588	0,568	0,558	0,652	0,609	0,619	0,572	0,551	0,583	0,661	0,622	0,543	0,604	0,582	0,643	0,645	0,621	0,583	0,517	0,532	0,603	0,622	0,691	0,677	0,697	0,695	0,631	0,637	0,619	0,619	0,669	0,647	0,580	0,577	0,575	0,545	0,578	0,582	0,574	0,581	0,593	0,581	0,551	0,531	0,525	0,556	0,560	0,715	0,658	0,668	0,680	0,673	0,651	0,632	0,616	0,600	0,592	0,621	0,581	0,637	0,634	0,532	0,592	0,586	0,615	0,590	0,603	0,591	0,517	0,528	0,580	0,609	0,603	0,640	0,680	0,673	0,598	0,592	0,610	0,610	0,606	0,630	0,622	0,556	0,549	0,569	0,570	0,591	0,535	0,575	0,592	0,561	0,570	0,562	0,576	0,540	0,538	0,706	0,698	0,682	0,691	0,687	0,576	0,613	0,561	0,586	0,606	0,637	0,573	0,665	0,666	0,563	0,611	0,604	0,592	0,600	0,575	0,587	0,522	0,525	0,550	0,584	0,577	0,687	0,662	0,650	0,650	0,678	0,559	0,627	0,661	0,687	0,574	0,591	0,568	0,561	0,579	0,591	0,572	0,560	0,598	0,579	0,538	0,541	0,529	0,579	0,587	0,677	0,660	0,656	0,660	0,679	0,593	0,665	0,572	0,566	0,565	0,662	0,568	0,616	0,578	0,585	0,594	0,576	0,602	0,597	0,594	0,564	0,538	0,578	0,620	0,610	0,627	0,702	0,689	0,691	0,662	0,672	0,609	0,613	0,680	0,624	0,586	0,568	0,555	0,567	0,543	0,552	0,549	0,579	0,596	0,587	0,539	0,558	0,544	0,543	0,549	0,663	0,647	0,663	0,670	0,632	0,571	0,598	0,577	0,615	0,597	0,672	0,562	0,609	0,578	0,552	0,582	0,553	0,609	0,609	0,611	0,593	0,542	0,533	0,584	0,589	0,632	0,712	0,683	0,669	0,582	0,585	0,565	0,611	0,671	0,625	0,557	0,570	0,557	0,588	0,550	0,552	0,572	0,607	0,585	0,590	0,522	0,535	0,528	0,551	0,538	0,650	0,665	0,669	0,660	0,665	0,572	0,575	0,592	0,600	0,607	0,653	0,577	0,641	0,586	0,549	0,569	0,564	0,580	0,602	0,598	0,570	0,506	0,503	0,572	0,585	0,624	0,713	0,668	0,652	0,702	0,711	0,579	0,604	0,657	0,575	0,552	0,576	0,553	0,579	0,584	0,579	0,592	0,596	0,580	0,581	0,526	0,554	0,527	0,529	0,531	0,615	0,627	0,652	0,612	0,635	0,595	0,648	0,614	0,598	0,590	0,609	0,625	0,656	0,592	0,504	0,557	0,586	0,611	0,610	0,607	0,570	0,548	0,534	0,574	0,590	0,623	0,662	0,668	0,697	0,624	0,610	0,546	0,591	0,687	0,631	0,573	0,574	0,554	0,552	0,519	0,567	0,539	0,576	0,565	0,559	0,529	0,539	0,565	0,624	0,576	0,602	0,585	0,603	0,563	0,613	0,594	0,618	0,586	0,592	0,562	0,596	0,567	0,626	0,576	0,535	0,562	0,550	0,580	0,606	0,589	0,572	0,527	0,535	0,580	0,600	0,660	0,667	0,668	0,654	0,667	0,664	0,585	0,624	0,680	0,621	0,575	0,579	0,578	0,567	0,571	0,554	0,577	0,649	0,604	0,545	0,489	0,543	0,538	0,547	0,549	0,726	0,689	0,702	0,725	0,655	0,587	0,590	0,615	0,596	0,613	0,668	0,555	0,650	0,623	0,536	0,599	0,544	0,619	0,578	0,579	0,591	0,528	0,523	0,558	0,573	0,652	0,710	0,675	0,655	0,651	0,660	0,585	0,620	0,665	0,653	0,561	0,560	0,560	0,559	0,560	0,601	0,551	0,568	0,565	0,564	0,501	0,553	0,567	0,561	0,571	0,644	0,704	0,641	0,629	0,673	0,576	0,635	0,619	0,584	0,597	0,620	0,581	0,672	0,607	0,537	0,582	0,569	0,602	0,594	0,596	0,593	0,556	0,540	0,577	0,576	0,622	0,731	0,664	0,651	0,707	0,718	0,566	0,653	0,648	0,628	0,559	0,573	0,587	0,548	0,568	0,581	0,599	0,630	0,615	0,595	0,534	0,553	0,554	0,569	0,547	0,674	0,667	0,686	0,618	0,678	0,627	0,620	0,613	0,618	0,612	0,596	0,561	0,681	0,656	0,570	0,581	0,566	0,608	0,603	0,598	0,563	0,519	0,540	0,584	0,596	0,636	0,669	0,697	0,663	0,702	0,673	0,570	0,612	0,666	0,615	0,530	0,556	0,564	0,534	0,543	0,587	0,577	0,570	0,581	0,590	0,548	0,568	0,548	0,566	0,581	0,631	0,643	0,632	0,626	0,622	0,608	0,647	0,590	0,592	0,596	0,614	0,569	0,656	0,615	0,520	0,589	0,537	0,585	0,595	0,607	0,586	0,550	0,522	0,603	0,599	0,626	0,665	0,668	0,670	0,626	0,669	0,583	0,632	0,660	0,644	0,585	0,572	0,560	0,574	0,566	0,591	0,590	0,562	0,603	0,621	0,504	0,542	0,541	0,536	0,557	0,687	0,701	0,677	0,671	0,684	0,602	0,649	0,574	0,582	0,569	0,659	0,585	0,680	0,629	0,519	0,606	0,580	0,590	0,608	0,585	0,556	0,501	0,546	0,609	0,611	0,656	0,668	0,658	0,668	0,728	0,732	0,601	0,622	0,647	0,616	0,571	0,589	0,562	0,560	0,568	0,592	0,554	0,556	0,573	0,575	0,543	0,534	0,521	0,554	0,569	0,632	0,629	0,638	0,641	0,593	0,596	0,655	0,634	0,649	0,620	0,539	0,561	0,585	0,635	0,586	0,595	0,592	0,603	0,610	0,620	0,601	0,550	0,543	0,572	0,562	0,630	0,711	0,680	0,656	0,692	0,677	0,563	0,614	0,629	0,640	0,535	0,575	0,537	0,554	0,558	0,557	0,537	0,595	0,533	0,560	0,496	0,533	0,551	0,559	0,531	0,724	0,728	0,704	0,692	0,667	0,598	0,590	0,606	0,589	0,606	0,672	0,581	0,661	0,599	0,519	0,627	0,571	0,616	0,618	0,614	0,598	0,528	0,532	0,587	0,586	0,641	0,723	0,732	0,738	0,658	0,677	0,606	0,631	0,660	0,615	0,532	0,567	0,547	0,578	0,574	0,575	0,545	0,583	0,567	0,586	0,505	0,524	0,522	0,554	0,553	0,685	0,677	0,679	0,650	0,692	0,637	0,644	0,568	0,579	0,571	0,665	0,592	0,662	0,579	0,510	0,558	0,586	0,579	0,609	0,601	0,586	0,518	0,528	0,566	0,565	0,610	0,648	0,665	0,647	0,693	0,711	0,558	0,608	0,628	0,599	0,574	0,581	0,564	0,570	0,571	0,589	0,611	0,620	0,597	0,565	0,526	0,543	0,527	0,563	0,533	0,707	0,698	0,702	0,676	0,666	0,609	0,652	0,591	0,589	0,574	0,599	0,571	0,623	0,589	0,543	0,616	0,619	0,589	0,581	0,583	0,648	0,541	0,522	0,548	0,581	0,620	0,666	0,690	0,689	0,687	0,640	0,607	0,613	0,662	0,623	0,559	0,574	0,573	0,591	0,609	0,610	0,579	0,610	0,576	0,584	0,568	0,550	0,536	0,576	0,530	0,702	0,716
2,00	0,689	0,690	0,673	0,772	0,655	0,675	0,774	0,645	0,786	0,729	0,725	0,741	0,695	0,722	0,637	0,698	0,729	0,851	0,691	0,673	0,707	0,722	0,754	0,709	0,774	0,770	0,843	0,807	0,729	0,757	0,711	0,738	0,673	0,656	0,696	0,716	0,623	0,667	0,668	0,607	0,608	0,680	0,621	0,582	0,564	0,620	0,645	0,619	0,642	0,606	0,585	0,567	0,572	0,619	0,594	0,577	0,659	0,610	0,726	0,616	0,629	0,681	0,656	0,636	0,607	0,612	0,656	0,724	0,637	0,637	0,620	0,667	0,654	0,664	0,619	0,749	0,668	0,672	0,607	0,609	0,633	0,657	0,738	0,719	0,673	0,681	0,576	0,582	0,601	0,655	0,602	0,605	0,542	0,575	0,545	0,561	0,588	0,609	0,560	0,561	0,575	0,564	0,551	0,623	0,605	0,615	0,626	0,549	0,631	0,561	0,599	0,607	0,589	0,603	0,553	0,570	0,625	0,666	0,602	0,576	0,630	0,585	0,612	0,642	0,613	0,678	0,705	0,687	0,614	0,605	0,610	0,596	0,672	0,684	0,630	0,596	0,571	0,532	0,586	0,579	0,543	0,545	0,552	0,587	0,528	0,582	0,532	0,577	0,544	0,590	0,589	0,568	0,544	0,566	0,585	0,553	0,617	0,535	0,580	0,583	0,582	0,588	0,590	0,618	0,557	0,585	0,596	0,652	0,577	0,589	0,617	0,616	0,586	0,526	0,548	0,598	0,624	0,595	0,572	0,573	0,586	0,573	0,635	0,647	0,656	0,635	0,572	0,537	0,596	0,576	0,578	0,578	0,546	0,556	0,509	0,552	0,516	0,582	0,553	0,600	0,562	0,571	0,561	0,580	0,531	0,627	0,564	0,545	0,588	0,556	0,544	0,593	0,570	0,617	0,543	0,552	0,556	0,684	0,577	0,565	0,592	0,554	0,629	0,523	0,579	0,634	0,622	0,587	0,539	0,581	0,573	0,564	0,641	0,620	0,620	0,687	0,527	0,545	0,578	0,552	0,570	0,545	0,537	0,570	0,532	0,547	0,539	0,578	0,545	0,589	0,613	0,521	0,568	0,621	0,565	0,563	0,557	0,518	0,626	0,576	0,539	0,555	0,573	0,612	0,568	0,535	0,559	0,652	0,567	0,599	0,585	0,607	0,611	0,573	0,543	0,600	0,601	0,583	0,553	0,565	0,576	0,601	0,722	0,706	0,621	0,703	0,559	0,552	0,576	0,555	0,560	0,586	0,520	0,569	0,519	0,532	0,487	0,515	0,567	0,583	0,578	0,540	0,563	0,578	0,575	0,540	0,586	0,542	0,619	0,567	0,542	0,592	0,549	0,620	0,602	0,555	0,567	0,637	0,551	0,567	0,568	0,588	0,614	0,580	0,587	0,666	0,636	0,594	0,556	0,620	0,639	0,649	0,657	0,668	0,611	0,611	0,600	0,503	0,557	0,556	0,552	0,540	0,510	0,576	0,497	0,518	0,532	0,566	0,508	0,583	0,586	0,537	0,525	0,551	0,579	0,562	0,594	0,520	0,604	0,555	0,508	0,556	0,551	0,587	0,562	0,547	0,577	0,629	0,570	0,598	0,595	0,616	0,611	0,562	0,573	0,677	0,629	0,598	0,561	0,587	0,609	0,598	0,599	0,624	0,619	0,631	0,561	0,542	0,599	0,576	0,550	0,585	0,547	0,572	0,504	0,513	0,519	0,551	0,534	0,609	0,617	0,558	0,556	0,555	0,604	0,586	0,595	0,531	0,594	0,551	0,499	0,580	0,540	0,570	0,560	0,573	0,561	0,595	0,551	0,539	0,564	0,560	0,622	0,536	0,553	0,622	0,594	0,547	0,553	0,590	0,637	0,630	0,739	0,728	0,588	0,613	0,585	0,551	0,597	0,588	0,552	0,570	0,525	0,581	0,565	0,528	0,517	0,550	0,559	0,554	0,540	0,495	0,503	0,544	0,558	0,567	0,578	0,549	0,605	0,559	0,536	0,559	0,547	0,579	0,548	0,580	0,537	0,642	0,577	0,584	0,631	0,582	0,579	0,588	0,559	0,645	0,586	0,540	0,564	0,561	0,551	0,566	0,620	0,654	0,605	0,627	0,571	0,538	0,573	0,586	0,554	0,498	0,555	0,573	0,479	0,512	0,489	0,523	0,613	0,575	0,606	0,523	0,528	0,556	0,576	0,555	0,598	0,529	0,596	0,550	0,495	0,518	0,561	0,600	0,556	0,551	0,559	0,623	0,594	0,576	0,563	0,587	0,626	0,576	0,584	0,646	0,580	0,545	0,578	0,587	0,594	0,580	0,675	0,672	0,623	0,643	0,563	0,533	0,583	0,565	0,550	0,527	0,526	0,560	0,545	0,563	0,538	0,575	0,524	0,599	0,580	0,543	0,561	0,574	0,575	0,627	0,569	0,523	0,634	0,538	0,515	0,570	0,571	0,590	0,559	0,556	0,553	0,602	0,589	0,554	0,577	0,564	0,573	0,526	0,557	0,611	0,583	0,593	0,587	0,572	0,569	0,588	0,673	0,652	0,623	0,620	0,525	0,520	0,559	0,578	0,544	0,553	0,537	0,560	0,504	0,523	0,541	0,567	0,515	0,612	0,592	0,496	0,546	0,560	0,579	0,538	0,583	0,548	0,593	0,552	0,602	0,584	0,569	0,609	0,517	0,570	0,581	0,631	0,618	0,586	0,582	0,579	0,577	0,546	0,553	0,630	0,575	0,540	0,543	0,617	0,595	0,572	0,728	0,727	0,632	0,651	0,572	0,554	0,561	0,559	0,528	0,525	0,535	0,573	0,492	0,522	0,501	0,540	0,540	0,568	0,596	0,561	0,524	0,616	0,548	0,595	0,562	0,581	0,586	0,509	0,514	0,586	0,590	0,620	0,555	0,542	0,595	0,643	0,563	0,593	0,609	0,578	0,582	0,558	0,561	0,632	0,604	0,602	0,628	0,606	0,563	0,605	0,739	0,726	0,597	0,602	0,562	0,554	0,595	0,594	0,591	0,537	0,563	0,592	0,531	0,554	0,561	0,589	0,576	0,601	0,597	0,515	0,546	0,555	0,540	0,557	0,551	0,509	0,618	0,543	0,556	0,570	0,569	0,551	0,548	0,575	0,586	0,606	0,563	0,550	0,584	0,588	0,613	0,558	0,556	0,624	0,613	0,626	0,560	0,612	0,565	0,546	0,661	0,638	0,619	0,613	0,587	0,570	0,587	0,572	0,563	0,574	0,553	0,554	0,522	0,530	0,512	0,536	0,531	0,559	0,567	0,524	0,519	0,633	0,550	0,553	0,613	0,530	0,573	0,553	0,539	0,568	0,560	0,600	0,530	0,535	0,555	0,615	0,577	0,544	0,608	0,576	0,567	0,520	0,579	0,646	0,599	0,565	0,573	0,568	0,595	0,619	0,718	0,719	0,624	0,635	0,548	0,571	0,598	0,568	0,563	0,566	0,540	0,555	0,539	0,556	0,531	0,549	0,525	0,599	0,597	0,542	0,547	0,609	0,606	0,598	0,628	0,547	0,590	0,548	0,537	0,570	0,588	0,623	0,557	0,555	0,588	0,658	0,591	0,598	0,615	0,606	0,603	0,549	0,551	0,653	0,578	0,552	0,523	0,589	0,592	0,585	0,724	0,684	0,601	0,583	0,572	0,551	0,580	0,574	0,580	0,570	0,529	0,506	0,578	0,560	0,577	0,574	0,516	0,575	0,600	0,534	0,547	0,571	0,555	0,555	0,594	0,528	0,615	0,550	0,528	0,551	0,577	0,598	0,518	0,567	0,569	0,672	0,565	0,570	0,642	0,601	0,629	0,549	0,568	0,638	0,577	0,552	0,552	0,595	0,587	0,578	0,685	0,675	0,577	0,650	0,534	0,544	0,607	0,607	0,577	0,591	0,587	0,582	0,472	0,510	0,474	0,501	0,524	0,557	0,556	0,522	0,512	0,559	0,616	0,557	0,590	0,529	0,619	0,571	0,531	0,545	0,557	0,593	0,556	0,554	0,531	0,588	0,554	0,537	0,537	0,561	0,581	0,521	0,565	0,619	0,584	0,525	0,512	0,583	0,570	0,571	0,730	0,722	0,635	0,648	0,571	0,532	0,572	0,577	0,580	0,582	0,573	0,599	0,502	0,528	0,525	0,553	0,520	0,605	0,614	0,534	0,552	0,578	0,566	0,569	0,579	0,528	0,610	0,538	0,535	0,560	0,582	0,603	0,573	0,558	0,547	0,646	0,569	0,563	0,607	0,605	0,585	0,536	0,580	0,637	0,638	0,597	0,565	0,609	0,583	0,579	0,705	0,689	0,628	0,619	0,566	0,539	0,599	0,611	0,583	0,574	0,592	0,628	0,522	0,536	0,512	0,544	0,589	0,599	0,644	0,600
3,00	0,610	0,675	0,610	0,640	0,641	0,703	0,789	0,694	0,674	0,657	0,651	0,722	0,651	0,690	0,647	0,696	0,744	0,694	0,735	0,696	0,692	0,719	0,704	0,698	0,718	0,679	0,682	0,674	0,723	0,717	0,724	0,653	0,683	0,719	0,742	0,651	0,698	0,665	0,707	0,667	0,657	0,655	0,645	0,641	0,609	0,649	0,617	0,598	0,631	0,649	0,587	0,589	0,603	0,641	0,634	0,604	0,586	0,607	0,610	0,574	0,566	0,612	0,617	0,610	0,572	0,600	0,636	0,606	0,626	0,657	0,627	0,663	0,651	0,652	0,760	0,745	0,756	0,587	0,646	0,620	0,653	0,609	0,615	0,656	0,666	0,570	0,659	0,697	0,601	0,613	0,605	0,605	0,577	0,560	0,590	0,551	0,561	0,562	0,592	0,602	0,552	0,553	0,596	0,664	0,658	0,614	0,559	0,600	0,557	0,540	0,562	0,577	0,568	0,591	0,593	0,566	0,623	0,578	0,601	0,637	0,597	0,652	0,625	0,655	0,652	0,684	0,671	0,590	0,594	0,605	0,660	0,578	0,550	0,616	0,604	0,563	0,632	0,624	0,564	0,571	0,639	0,581	0,578	0,565	0,563	0,553	0,545	0,553	0,551	0,590	0,543	0,537	0,580	0,594	0,595	0,566	0,528	0,526	0,562	0,534	0,526	0,568	0,590	0,535	0,547	0,558	0,591	0,604	0,622	0,621	0,597	0,607	0,617	0,615	0,729	0,728	0,735	0,577	0,547	0,580	0,590	0,561	0,607	0,612	0,582	0,564	0,612	0,631	0,556	0,562	0,591	0,600	0,572	0,530	0,563	0,540	0,666	0,620	0,577	0,583	0,568	0,595	0,576	0,605	0,595	0,562	0,523	0,541	0,502	0,502	0,584	0,591	0,547	0,539	0,562	0,569	0,597	0,611	0,571	0,603	0,594	0,626	0,599	0,583	0,696	0,664	0,644	0,590	0,580	0,561	0,598	0,593	0,604	0,623	0,607	0,571	0,670	0,665	0,617	0,580	0,610	0,565	0,535	0,540	0,606	0,595	0,632	0,574	0,608	0,585	0,542	0,584	0,578	0,611	0,569	0,561	0,537	0,496	0,520	0,545	0,520	0,537	0,542	0,534	0,543	0,569	0,589	0,568	0,566	0,618	0,560	0,639	0,639	0,627	0,670	0,680	0,668	0,528	0,556	0,603	0,631	0,583	0,556	0,555	0,544	0,521	0,643	0,593	0,558	0,561	0,512	0,521	0,521	0,501	0,608	0,565	0,539	0,549	0,588	0,603	0,520	0,592	0,558	0,566	0,532	0,544	0,523	0,517	0,527	0,517	0,543	0,550	0,546	0,545	0,501	0,535	0,572	0,550	0,565	0,572	0,534	0,583	0,587	0,556	0,682	0,676	0,696	0,566	0,587	0,637	0,596	0,547	0,562	0,590	0,594	0,555	0,625	0,577	0,535	0,554	0,551	0,551	0,523	0,512	0,559	0,541	0,542	0,520	0,565	0,543	0,514	0,568	0,629	0,623	0,621	0,546	0,528	0,539	0,488	0,498	0,525	0,541	0,506	0,514	0,472	0,498	0,554	0,543	0,554	0,534	0,545	0,602	0,592	0,517	0,669	0,678	0,687	0,559	0,585	0,577	0,638	0,608	0,591	0,555	0,557	0,539	0,584	0,576	0,561	0,546	0,534	0,541	0,528	0,540	0,557	0,570	0,546	0,549	0,588	0,598	0,544	0,541	0,563	0,625	0,628	0,551	0,532	0,529	0,514	0,504	0,553	0,562	0,525	0,508	0,494	0,561	0,582	0,598	0,577	0,562	0,565	0,593	0,590	0,562	0,610	0,640	0,612	0,591	0,560	0,591	0,609	0,583	0,575	0,569	0,568	0,568	0,611	0,632	0,617	0,575	0,542	0,519	0,535	0,559	0,610	0,568	0,552	0,517	0,574	0,603	0,515	0,509	0,563	0,605	0,578	0,560	0,519	0,540	0,493	0,497	0,517	0,607	0,540	0,505	0,497	0,582	0,545	0,525	0,535	0,571	0,573	0,587	0,586	0,554	0,692	0,682	0,657	0,575	0,612	0,571	0,632	0,563	0,542	0,583	0,606	0,531	0,636	0,607	0,552	0,543	0,508	0,501	0,508	0,489	0,558	0,556	0,551	0,542	0,572	0,642	0,628	0,564	0,531	0,621	0,602	0,538	0,509	0,533	0,494	0,519	0,522	0,590	0,497	0,507	0,515	0,542	0,572	0,533	0,563	0,583	0,592	0,602	0,591	0,564	0,673	0,653	0,667	0,575	0,554	0,578	0,634	0,589	0,579	0,591	0,599	0,519	0,649	0,616	0,584	0,566	0,592	0,569	0,540	0,538	0,564	0,552	0,538	0,556	0,575	0,587	0,533	0,574	0,582	0,618	0,612	0,538	0,536	0,521	0,577	0,519	0,527	0,575	0,550	0,524	0,497	0,578	0,597	0,551	0,560	0,580	0,564	0,586	0,592	0,581	0,651	0,648	0,665	0,578	0,546	0,592	0,601	0,570	0,572	0,611	0,617	0,531	0,606	0,608	0,544	0,534	0,551	0,556	0,542	0,526	0,534	0,513	0,590	0,541	0,582	0,592	0,504	0,504	0,595	0,612	0,636	0,547	0,517	0,579	0,536	0,608	0,546	0,577	0,539	0,532	0,490	0,551	0,571	0,563	0,580	0,587	0,580	0,604	0,590	0,569	0,702	0,703	0,704	0,575	0,558	0,575	0,593	0,521	0,582	0,607	0,617	0,510	0,595	0,594	0,539	0,554	0,505	0,520	0,515	0,501	0,548	0,578	0,529	0,559	0,564	0,605	0,635	0,530	0,604	0,666	0,617	0,525	0,516	0,528	0,557	0,511	0,533	0,562	0,558	0,523	0,528	0,609	0,573	0,584	0,566	0,576	0,560	0,569	0,587	0,558	0,702	0,701	0,668	0,575	0,578	0,591	0,686	0,618	0,577	0,509	0,539	0,529	0,630	0,633	0,551	0,587	0,581	0,556	0,583	0,553	0,531	0,554	0,556	0,545	0,611	0,622	0,533	0,531	0,577	0,630	0,611	0,557	0,524	0,520	0,529	0,527	0,539	0,588	0,515	0,515	0,493	0,531	0,581	0,565	0,538	0,567	0,556	0,603	0,594	0,605	0,696	0,707	0,720	0,571	0,587	0,596	0,607	0,575	0,581	0,609	0,633	0,597	0,601	0,592	0,534	0,551	0,569	0,573	0,539	0,529	0,540	0,530	0,546	0,567	0,560	0,643	0,644	0,529	0,548	0,589	0,586	0,525	0,522	0,522	0,506	0,536	0,547	0,569	0,529	0,498	0,473	0,542	0,552	0,542	0,538	0,588	0,553	0,597	0,561	0,560	0,601	0,610	0,647	0,571	0,566	0,579	0,617	0,609	0,611	0,553	0,577	0,515	0,646	0,623	0,582	0,567	0,580	0,576	0,566	0,547	0,553	0,556	0,577	0,569	0,572	0,576	0,541	0,530	0,578	0,674	0,620	0,561	0,534	0,536	0,512	0,506	0,537	0,563	0,525	0,537	0,509	0,564	0,561	0,572	0,565	0,571	0,551	0,603	0,565	0,578	0,697	0,699	0,689	0,578	0,537	0,612	0,676	0,615	0,587	0,553	0,572	0,605	0,634	0,612	0,545	0,572	0,591	0,541	0,529	0,532	0,533	0,562	0,548	0,539	0,570	0,585	0,538	0,525	0,602	0,667	0,617	0,553	0,529	0,525	0,520	0,513	0,531	0,561	0,542	0,498	0,503	0,546	0,558	0,579	0,557	0,557	0,535	0,591	0,599	0,591	0,712	0,703	0,692	0,579	0,539	0,573	0,617	0,607	0,595	0,596	0,604	0,529	0,633	0,667	0,562	0,568	0,528	0,529	0,504	0,494	0,573	0,523	0,551	0,555	0,573	0,579	0,547	0,551	0,582	0,613	0,581	0,577	0,526	0,508	0,518	0,513	0,514	0,585	0,524	0,513	0,507	0,522	0,581	0,531	0,558	0,573	0,553	0,592	0,599	0,567	0,649	0,623	0,630	0,537	0,559	0,584	0,576	0,571	0,595	0,641	0,620	0,526	0,662	0,675	0,564	0,608	0,569	0,572	0,547	0,527	0,556	0,550	0,548	0,546	0,568	0,585	0,577	0,545	0,582	0,647	0,642	0,605	0,521	0,530	0,507	0,496	0,515	0,581	0,545	0,504	0,519	0,534	0,563	0,563	0,573	0,600	0,590	0,600	0,589	0,573	0,711	0,681	0,717	0,595	0,586	0,601	0,636	0,584	0,602	0,601	0,601	0,535	0,634	0,638	0,580	0,583	0,550	0,553	0,546	0,530	0,576	0,600	0,568	0,568	0,626	0,613	0,563	0,561
4,00	0,602	0,617	0,706	0,712	0,652	0,629	0,647	0,782	0,705	0,648	0,694	0,740	0,682	0,738	0,641	0,707	0,792	0,692	0,730	0,698	0,664	0,725	0,668	0,672	0,620	0,702	0,700	0,685	0,700	0,721	0,691	0,675	0,692	0,710	0,738	0,772	0,683	0,667	0,657	0,674	0,656	0,621	0,632	0,709	0,657	0,645	0,647	0,626	0,637	0,661	0,579	0,655	0,633	0,634	0,625	0,605	0,603	0,566	0,568	0,624	0,605	0,660	0,616	0,667	0,595	0,706	0,732	0,713	0,574	0,603	0,637	0,638	0,618	0,620	0,584	0,604	0,607	0,736	0,732	0,737	0,739	0,613	0,620	0,611	0,592	0,675	0,604	0,659	0,611	0,611	0,609	0,584	0,557	0,665	0,550	0,561	0,555	0,591	0,584	0,579	0,566	0,659	0,610	0,608	0,596	0,601	0,597	0,586	0,563	0,521	0,560	0,585	0,602	0,592	0,534	0,636	0,692	0,672	0,597	0,587	0,638	0,571	0,590	0,609	0,572	0,608	0,620	0,614	0,632	0,639	0,670	0,619	0,617	0,574	0,622	0,673	0,614	0,609	0,634	0,598	0,578	0,607	0,613	0,613	0,574	0,579	0,560	0,554	0,565	0,571	0,537	0,604	0,596	0,570	0,598	0,612	0,554	0,543	0,547	0,520	0,573	0,571	0,590	0,577	0,574	0,671	0,675	0,661	0,539	0,574	0,603	0,580	0,589	0,604	0,590	0,595	0,628	0,707	0,748	0,644	0,617	0,606	0,600	0,565	0,558	0,645	0,591	0,596	0,573	0,569	0,561	0,553	0,581	0,634	0,581	0,552	0,666	0,637	0,574	0,591	0,517	0,572	0,585	0,591	0,589	0,567	0,596	0,555	0,539	0,529	0,545	0,567	0,576	0,585	0,543	0,630	0,689	0,662	0,534	0,537	0,578	0,575	0,550	0,567	0,548	0,588	0,600	0,666	0,694	0,645	0,639	0,566	0,581	0,610	0,565	0,653	0,598	0,567	0,565	0,571	0,555	0,541	0,585	0,609	0,625	0,584	0,563	0,584	0,549	0,578	0,523	0,585	0,583	0,562	0,554	0,535	0,524	0,550	0,535	0,516	0,515	0,542	0,568	0,566	0,526	0,642	0,676	0,652	0,540	0,606	0,592	0,565	0,578	0,576	0,579	0,570	0,548	0,640	0,668	0,700	0,678	0,601	0,581	0,607	0,597	0,671	0,573	0,564	0,607	0,578	0,574	0,536	0,565	0,603	0,559	0,544	0,571	0,592	0,571	0,549	0,528	0,564	0,583	0,553	0,557	0,554	0,552	0,555	0,556	0,522	0,509	0,546	0,547	0,602	0,537	0,669	0,650	0,597	0,526	0,570	0,565	0,577	0,573	0,547	0,554	0,575	0,548	0,680	0,711	0,650	0,648	0,565	0,540	0,571	0,585	0,676	0,603	0,588	0,601	0,580	0,596	0,562	0,547	0,599	0,569	0,561	0,585	0,563	0,563	0,574	0,526	0,568	0,598	0,641	0,533	0,537	0,524	0,541	0,553	0,635	0,517	0,529	0,562	0,567	0,513	0,600	0,692	0,668	0,587	0,548	0,583	0,568	0,584	0,544	0,571	0,558	0,565	0,716	0,723	0,692	0,685	0,609	0,547	0,559	0,607	0,659	0,597	0,564	0,578	0,576	0,576	0,547	0,567	0,662	0,544	0,569	0,550	0,545	0,578	0,584	0,542	0,615	0,569	0,598	0,563	0,531	0,531	0,530	0,511	0,468	0,493	0,541	0,531	0,588	0,587	0,643	0,685	0,636	0,562	0,555	0,571	0,552	0,546	0,571	0,563	0,570	0,568	0,634	0,636	0,614	0,615	0,582	0,585	0,561	0,577	0,633	0,596	0,548	0,608	0,586	0,592	0,518	0,550	0,618	0,534	0,534	0,562	0,549	0,569	0,551	0,522	0,606	0,561	0,533	0,562	0,525	0,522	0,531	0,558	0,517	0,540	0,565	0,572	0,585	0,529	0,609	0,663	0,639	0,542	0,560	0,581	0,593	0,582	0,540	0,538	0,573	0,585	0,682	0,734	0,693	0,686	0,586	0,569	0,541	0,563	0,624	0,586	0,572	0,586	0,594	0,571	0,567	0,548	0,570	0,529	0,546	0,534	0,550	0,584	0,552	0,531	0,648	0,585	0,554	0,569	0,562	0,536	0,556	0,526	0,515	0,519	0,550	0,577	0,583	0,557	0,587	0,653	0,621	0,554	0,585	0,588	0,572	0,572	0,571	0,560	0,615	0,561	0,667	0,704	0,622	0,632	0,584	0,591	0,541	0,581	0,661	0,584	0,569	0,586	0,567	0,564	0,563	0,553	0,622	0,568	0,559	0,558	0,571	0,555	0,602	0,526	0,643	0,562	0,531	0,574	0,524	0,523	0,563	0,520	0,491	0,519	0,568	0,578	0,587	0,531	0,650	0,667	0,601	0,534	0,555	0,590	0,559	0,542	0,572	0,552	0,587	0,563	0,654	0,671	0,686	0,695	0,550	0,586	0,561	0,576	0,640	0,579	0,567	0,606	0,556	0,589	0,519	0,540	0,622	0,664	0,590	0,550	0,549	0,550	0,556	0,506	0,655	0,647	0,558	0,618	0,542	0,523	0,559	0,528	0,530	0,494	0,539	0,555	0,583	0,546	0,611	0,699	0,619	0,580	0,556	0,564	0,584	0,585	0,570	0,579	0,608	0,605	0,691	0,723	0,699	0,695	0,588	0,595	0,615	0,582	0,608	0,568	0,577	0,586	0,583	0,553	0,583	0,567	0,603	0,556	0,569	0,558	0,547	0,534	0,561	0,543	0,638	0,560	0,566	0,604	0,570	0,541	0,580	0,554	0,537	0,544	0,576	0,581	0,552	0,544	0,596	0,647	0,628	0,566	0,568	0,584	0,559	0,542	0,594	0,567	0,578	0,567	0,685	0,716	0,712	0,669	0,580	0,593	0,559	0,586	0,601	0,585	0,570	0,588	0,578	0,559	0,545	0,584	0,607	0,567	0,543	0,527	0,571	0,559	0,555	0,511	0,602	0,590	0,574	0,579	0,536	0,540	0,538	0,566	0,506	0,494	0,534	0,552	0,577	0,523	0,623	0,680	0,628	0,542	0,543	0,567	0,593	0,575	0,585	0,553	0,556	0,546	0,698	0,714	0,705	0,695	0,593	0,583	0,549	0,564	0,683	0,596	0,587	0,576	0,574	0,571	0,552	0,558	0,619	0,573	0,564	0,542	0,554	0,536	0,565	0,535	0,665	0,620	0,541	0,578	0,586	0,546	0,569	0,539	0,513	0,521	0,533	0,551	0,559	0,538	0,620	0,652	0,650	0,545	0,569	0,606	0,572	0,588	0,554	0,541	0,603	0,571	0,637	0,673	0,638	0,637	0,614	0,588	0,549	0,575	0,624	0,577	0,556	0,579	0,575	0,578	0,543	0,544	0,618	0,555	0,552	0,545	0,563	0,558	0,543	0,532	0,644	0,598	0,569	0,574	0,539	0,530	0,531	0,522	0,510	0,498	0,574	0,586	0,587	0,544	0,665	0,639	0,599	0,527	0,556	0,569	0,584	0,580	0,570	0,576	0,603	0,578	0,664	0,737	0,687	0,670	0,625	0,552	0,585	0,555	0,619	0,580	0,562	0,576	0,587	0,578	0,532	0,562	0,570	0,565	0,561	0,570	0,557	0,567	0,568	0,528	0,624	0,567	0,591	0,605	0,566	0,529	0,559	0,521	0,516	0,534	0,575	0,586	0,565	0,539	0,640	0,690	0,635	0,544	0,568	0,587	0,569	0,556	0,570	0,588	0,609	0,598	0,682	0,743	0,723	0,707	0,590	0,565	0,545	0,563	0,625	0,559	0,552	0,587	0,588	0,570	0,536	0,580	0,609	0,581	0,519	0,544	0,595	0,568	0,566	0,527	0,589	0,633	0,530	0,561	0,551	0,545	0,569	0,513	0,523	0,519	0,546	0,541	0,559	0,530	0,598	0,686	0,696	0,525	0,559	0,562	0,572	0,574	0,555	0,564	0,585	0,575	0,638	0,610	0,623	0,661	0,564	0,567	0,537	0,549	0,663	0,557	0,568	0,577	0,620	0,616	0,556	0,518	0,615	0,566	0,599	0,534	0,610	0,530	0,571	0,523	0,656	0,580	0,585	0,592	0,566	0,551	0,542	0,530	0,532	0,553	0,548	0,571	0,615	0,541	0,639	0,705	0,658	0,554	0,572	0,601	0,584	0,603	0,588	0,589	0,586	0,576	0,687	0,720	0,724	0,681	0,575	0,577	0,565	0,561	0,661	0,625	0,629	0,611	0,590	0,589	0,523	0,530	0,611	0,575	0,576	0,580	0,580	0,579	0,590	0,603	0,697
"x-axis"

