"Map measures:"	"U-50"	"dB"	"sum   "
"Bkg noise:"	45,0	38,0	32,0	28,0	25,0	23,0	21,0	19,0	"dB"	"35,8 dBA"	"(NCB:28)"
"Project:"	"project"
"Creator:"	"CATT-Acoustic v9.1b (build 1.03) / TUCT v1.1b:2.02"
"Date/Time:"	"2018-06-05 21:00:14"
"Air abs.:"	"on"
"Interference:"	"off"
"Adapt rays:"	"off"
"No of rays:"	500	"Diffraction: "	"off"
"Ech. length:"	1000	"ms"

"Layer:"	1	"of"	1	"Nx:"	9	"Ny:"	1002
	-0,50	0,50	1,50	2,50	3,50	4,50	5,50	6,50	7,50	8,50	9,50	10,50	11,50	12,50	13,50	14,50	15,50	16,50	17,50	18,50	19,50	20,50	21,50	22,50	23,50	24,50	25,50	26,50	27,50	28,50	29,50	30,50	31,50	32,50	33,50	34,50	35,50	36,50	37,50	38,50	39,50	40,50	41,50	42,50	43,50	44,50	45,50	46,50	47,50	48,50	49,50	50,50	51,50	52,50	53,50	54,50	55,50	56,50	57,50	58,50	59,50	60,50	61,50	62,50	63,50	64,50	65,50	66,50	67,50	68,50	69,50	70,50	71,50	72,50	73,50	74,50	75,50	76,50	77,50	78,50	79,50	80,50	81,50	82,50	83,50	84,50	85,50	86,50	87,50	88,50	89,50	90,50	91,50	92,50	93,50	94,50	95,50	96,50	97,50	98,50	99,50	100,50	101,50	102,50	103,50	104,50	105,50	106,50	107,50	108,50	109,50	110,50	111,50	112,50	113,50	114,50	115,50	116,50	117,50	118,50	119,50	120,50	121,50	122,50	123,50	124,50	125,50	126,50	127,50	128,50	129,50	130,50	131,50	132,50	133,50	134,50	135,50	136,50	137,50	138,50	139,50	140,50	141,50	142,50	143,50	144,50	145,50	146,50	147,50	148,50	149,50	150,50	151,50	152,50	153,50	154,50	155,50	156,50	157,50	158,50	159,50	160,50	161,50	162,50	163,50	164,50	165,50	166,50	167,50	168,50	169,50	170,50	171,50	172,50	173,50	174,50	175,50	176,50	177,50	178,50	179,50	180,50	181,50	182,50	183,50	184,50	185,50	186,50	187,50	188,50	189,50	190,50	191,50	192,50	193,50	194,50	195,50	196,50	197,50	198,50	199,50	200,50	201,50	202,50	203,50	204,50	205,50	206,50	207,50	208,50	209,50	210,50	211,50	212,50	213,50	214,50	215,50	216,50	217,50	218,50	219,50	220,50	221,50	222,50	223,50	224,50	225,50	226,50	227,50	228,50	229,50	230,50	231,50	232,50	233,50	234,50	235,50	236,50	237,50	238,50	239,50	240,50	241,50	242,50	243,50	244,50	245,50	246,50	247,50	248,50	249,50	250,50	251,50	252,50	253,50	254,50	255,50	256,50	257,50	258,50	259,50	260,50	261,50	262,50	263,50	264,50	265,50	266,50	267,50	268,50	269,50	270,50	271,50	272,50	273,50	274,50	275,50	276,50	277,50	278,50	279,50	280,50	281,50	282,50	283,50	284,50	285,50	286,50	287,50	288,50	289,50	290,50	291,50	292,50	293,50	294,50	295,50	296,50	297,50	298,50	299,50	300,50	301,50	302,50	303,50	304,50	305,50	306,50	307,50	308,50	309,50	310,50	311,50	312,50	313,50	314,50	315,50	316,50	317,50	318,50	319,50	320,50	321,50	322,50	323,50	324,50	325,50	326,50	327,50	328,50	329,50	330,50	331,50	332,50	333,50	334,50	335,50	336,50	337,50	338,50	339,50	340,50	341,50	342,50	343,50	344,50	345,50	346,50	347,50	348,50	349,50	350,50	351,50	352,50	353,50	354,50	355,50	356,50	357,50	358,50	359,50	360,50	361,50	362,50	363,50	364,50	365,50	366,50	367,50	368,50	369,50	370,50	371,50	372,50	373,50	374,50	375,50	376,50	377,50	378,50	379,50	380,50	381,50	382,50	383,50	384,50	385,50	386,50	387,50	388,50	389,50	390,50	391,50	392,50	393,50	394,50	395,50	396,50	397,50	398,50	399,50	400,50	401,50	402,50	403,50	404,50	405,50	406,50	407,50	408,50	409,50	410,50	411,50	412,50	413,50	414,50	415,50	416,50	417,50	418,50	419,50	420,50	421,50	422,50	423,50	424,50	425,50	426,50	427,50	428,50	429,50	430,50	431,50	432,50	433,50	434,50	435,50	436,50	437,50	438,50	439,50	440,50	441,50	442,50	443,50	444,50	445,50	446,50	447,50	448,50	449,50	450,50	451,50	452,50	453,50	454,50	455,50	456,50	457,50	458,50	459,50	460,50	461,50	462,50	463,50	464,50	465,50	466,50	467,50	468,50	469,50	470,50	471,50	472,50	473,50	474,50	475,50	476,50	477,50	478,50	479,50	480,50	481,50	482,50	483,50	484,50	485,50	486,50	487,50	488,50	489,50	490,50	491,50	492,50	493,50	494,50	495,50	496,50	497,50	498,50	499,50	500,50	501,50	502,50	503,50	504,50	505,50	506,50	507,50	508,50	509,50	510,50	511,50	512,50	513,50	514,50	515,50	516,50	517,50	518,50	519,50	520,50	521,50	522,50	523,50	524,50	525,50	526,50	527,50	528,50	529,50	530,50	531,50	532,50	533,50	534,50	535,50	536,50	537,50	538,50	539,50	540,50	541,50	542,50	543,50	544,50	545,50	546,50	547,50	548,50	549,50	550,50	551,50	552,50	553,50	554,50	555,50	556,50	557,50	558,50	559,50	560,50	561,50	562,50	563,50	564,50	565,50	566,50	567,50	568,50	569,50	570,50	571,50	572,50	573,50	574,50	575,50	576,50	577,50	578,50	579,50	580,50	581,50	582,50	583,50	584,50	585,50	586,50	587,50	588,50	589,50	590,50	591,50	592,50	593,50	594,50	595,50	596,50	597,50	598,50	599,50	600,50	601,50	602,50	603,50	604,50	605,50	606,50	607,50	608,50	609,50	610,50	611,50	612,50	613,50	614,50	615,50	616,50	617,50	618,50	619,50	620,50	621,50	622,50	623,50	624,50	625,50	626,50	627,50	628,50	629,50	630,50	631,50	632,50	633,50	634,50	635,50	636,50	637,50	638,50	639,50	640,50	641,50	642,50	643,50	644,50	645,50	646,50	647,50	648,50	649,50	650,50	651,50	652,50	653,50	654,50	655,50	656,50	657,50	658,50	659,50	660,50	661,50	662,50	663,50	664,50	665,50	666,50	667,50	668,50	669,50	670,50	671,50	672,50	673,50	674,50	675,50	676,50	677,50	678,50	679,50	680,50	681,50	682,50	683,50	684,50	685,50	686,50	687,50	688,50	689,50	690,50	691,50	692,50	693,50	694,50	695,50	696,50	697,50	698,50	699,50	700,50	701,50	702,50	703,50	704,50	705,50	706,50	707,50	708,50	709,50	710,50	711,50	712,50	713,50	714,50	715,50	716,50	717,50	718,50	719,50	720,50	721,50	722,50	723,50	724,50	725,50	726,50	727,50	728,50	729,50	730,50	731,50	732,50	733,50	734,50	735,50	736,50	737,50	738,50	739,50	740,50	741,50	742,50	743,50	744,50	745,50	746,50	747,50	748,50	749,50	750,50	751,50	752,50	753,50	754,50	755,50	756,50	757,50	758,50	759,50	760,50	761,50	762,50	763,50	764,50	765,50	766,50	767,50	768,50	769,50	770,50	771,50	772,50	773,50	774,50	775,50	776,50	777,50	778,50	779,50	780,50	781,50	782,50	783,50	784,50	785,50	786,50	787,50	788,50	789,50	790,50	791,50	792,50	793,50	794,50	795,50	796,50	797,50	798,50	799,50	800,50	801,50	802,50	803,50	804,50	805,50	806,50	807,50	808,50	809,50	810,50	811,50	812,50	813,50	814,50	815,50	816,50	817,50	818,50	819,50	820,50	821,50	822,50	823,50	824,50	825,50	826,50	827,50	828,50	829,50	830,50	831,50	832,50	833,50	834,50	835,50	836,50	837,50	838,50	839,50	840,50	841,50	842,50	843,50	844,50	845,50	846,50	847,50	848,50	849,50	850,50	851,50	852,50	853,50	854,50	855,50	856,50	857,50	858,50	859,50	860,50	861,50	862,50	863,50	864,50	865,50	866,50	867,50	868,50	869,50	870,50	871,50	872,50	873,50	874,50	875,50	876,50	877,50	878,50	879,50	880,50	881,50	882,50	883,50	884,50	885,50	886,50	887,50	888,50	889,50	890,50	891,50	892,50	893,50	894,50	895,50	896,50	897,50	898,50	899,50	900,50	901,50	902,50	903,50	904,50	905,50	906,50	907,50	908,50	909,50	910,50	911,50	912,50	913,50	914,50	915,50	916,50	917,50	918,50	919,50	920,50	921,50	922,50	923,50	924,50	925,50	926,50	927,50	928,50	929,50	930,50	931,50	932,50	933,50	934,50	935,50	936,50	937,50	938,50	939,50	940,50	941,50	942,50	943,50	944,50	945,50	946,50	947,50	948,50	949,50	950,50	951,50	952,50	953,50	954,50	955,50	956,50	957,50	958,50	959,50	960,50	961,50	962,50	963,50	964,50	965,50	966,50	967,50	968,50	969,50	970,50	971,50	972,50	973,50	974,50	975,50	976,50	977,50	978,50	979,50	980,50	981,50	982,50	983,50	984,50	985,50	986,50	987,50	988,50	989,50	990,50	991,50	992,50	993,50	994,50	995,50	996,50	997,50	998,50	999,50	1000,50	"y-axis"
-4,00	6,98	2,56	7,86	7,23	4,30	3,76	3,38	6,93	3,62	4,91	3,39	3,07	6,24	5,28	2,42	3,38	6,32	9,70	6,92	1,58	7,13	0,59	0,73	0,32	-1,30	7,06	5,14	5,31	0,26	-1,66	1,33	4,23	0,42	1,33	2,83	-0,72	-1,31	-2,27	-0,02	1,96	-0,55	1,84	1,67	0,42	2,99	0,55	0,62	3,36	5,96	6,71	5,23	2,94	2,99	3,71	3,78	4,22	2,46	2,36	1,59	3,55	4,78	2,30	8,13	1,84	-0,40	3,06	4,68	4,17	1,79	-2,63	6,33	1,94	0,34	-0,33	-1,22	5,02	1,15	-1,98	-2,69	-4,03	-3,87	1,45	-2,59	0,79	1,68	0,45	-5,16	-5,44	0,72	1,50	-1,68	1,22	1,15	-2,52	0,83	-0,62	-0,07	1,70	0,68	2,89	2,61	4,70	5,27	2,67	4,11	2,37	1,65	3,86	1,10	1,16	0,80	-0,50	3,78	1,14	-1,35	3,00	5,18	5,27	0,36	0,56	4,67	-1,16	-3,42	-0,35	-1,55	5,71	2,49	-4,00	-5,16	-4,84	-4,83	1,66	-2,24	0,82	1,99	-2,70	-2,39	-4,76	2,61	1,70	-0,62	1,79	1,02	-1,21	1,55	1,22	3,32	3,44	2,23	5,86	2,77	2,31	6,38	4,67	3,36	1,15	0,74	5,11	0,33	2,53	3,48	1,23	1,39	-0,05	-1,45	2,01	2,88	2,38	0,41	-3,81	4,06	-0,01	-0,41	-0,10	-1,64	4,33	5,31	-1,86	-5,47	-3,66	-3,22	3,75	-2,31	-2,65	0,92	-1,17	-1,16	-3,70	-1,00	2,13	1,94	-0,01	-0,35	0,35	1,74	-0,70	0,35	3,66	3,90	3,44	2,73	1,13	4,39	2,77	2,87	1,26	0,73	2,93	0,61	2,55	2,21	5,00	4,73	0,54	-1,12	3,00	2,56	3,65	1,14	0,00	5,32	1,27	-0,86	0,25	-0,51	5,06	-0,98	-0,62	-4,00	-3,29	-2,27	2,52	-2,31	-0,57	2,86	0,09	-1,37	-5,13	-3,47	-1,20	-1,83	0,09	0,20	-3,07	2,00	-0,37	-0,64	2,84	1,97	4,32	-0,26	3,89	5,45	4,27	3,38	0,43	2,59	2,70	1,86	3,68	1,89	1,24	5,80	-0,77	-1,27	2,31	1,77	4,55	-0,79	-1,23	5,06	0,74	1,29	0,69	-0,82	3,30	1,45	-3,75	-3,79	-4,95	-4,16	1,12	0,45	-2,10	-0,40	-2,33	-3,19	-4,89	-2,72	-0,35	-1,36	0,32	1,05	0,24	2,92	-1,14	1,12	2,54	2,16	4,59	0,60	2,21	4,36	2,72	2,71	0,11	-0,00	0,53	-0,06	3,07	1,59	0,44	4,67	2,58	-1,86	1,40	2,97	4,71	-0,21	0,31	3,38	-0,74	-2,23	-1,19	-1,82	5,68	1,39	-4,51	-4,27	-5,69	-6,39	2,42	0,32	-0,92	1,30	-0,54	-4,65	-5,46	-2,34	1,65	-2,79	-0,97	-1,07	-1,33	0,53	-0,34	0,89	4,56	3,94	5,91	4,81	4,12	3,35	2,22	3,23	1,89	0,96	1,97	0,86	2,01	3,72	3,37	5,02	-0,74	-0,10	0,47	2,48	4,31	-0,04	-1,17	2,94	-0,77	-2,02	-0,14	-2,77	1,95	5,20	-2,41	-2,42	-3,78	-2,72	3,39	0,51	1,49	4,85	1,03	-3,60	-7,59	-1,54	4,72	-2,46	-0,75	-0,78	-2,71	-0,75	1,95	1,57	2,44	2,77	4,12	3,56	4,68	3,30	3,85	3,35	1,17	0,64	1,57	0,23	1,64	-1,06	3,16	2,34	-0,12	-1,45	0,12	2,05	3,96	0,91	0,48	2,31	-0,48	-2,24	-0,45	-0,50	5,19	3,48	-3,31	-2,45	-2,90	-4,39	2,93	-2,66	0,37	-0,61	-0,75	-2,22	-3,20	-1,15	2,27	-0,61	-1,34	-0,18	-0,38	2,50	-0,16	1,31	4,28	4,50	4,94	2,13	1,88	3,69	4,37	3,36	-1,22	1,74	3,36	0,44	2,84	2,03	1,39	3,96	-1,95	-1,37	2,94	2,97	5,15	-1,23	-1,29	1,75	0,96	-1,05	-0,36	-1,40	2,06	2,48	-3,35	-5,15	-5,83	-5,22	2,20	-0,23	-3,08	3,66	-0,47	-2,11	-4,90	-0,11	3,37	2,18	-1,78	-1,19	2,04	2,16	-2,29	-0,92	3,80	3,97	4,85	5,62	3,15	5,26	4,34	5,02	1,46	-0,17	1,99	0,25	1,36	1,54	2,17	6,40	0,60	-0,57	2,26	3,03	3,51	-0,76	-1,23	1,80	1,85	0,36	2,20	-0,80	4,51	2,04	-1,83	-2,87	-4,68	-3,50	2,20	0,79	0,87	3,19	0,15	-2,60	-5,81	-3,11	2,92	-1,45	-0,57	0,61	-2,27	1,08	-0,09	-0,25	2,30	2,50	4,72	0,87	3,11	3,70	3,81	2,76	0,66	-1,27	1,51	1,19	3,12	1,94	1,21	2,77	-0,12	-1,66	2,05	3,85	2,16	0,50	-1,79	3,94	-0,50	-1,74	0,32	-1,90	3,47	1,67	-2,05	-2,62	-3,56	-1,51	1,18	-2,07	-0,70	2,90	0,26	-1,77	-5,76	-0,78	1,74	0,59	-1,04	-0,63	-0,64	3,92	0,05	1,59	3,54	1,01	4,87	5,87	2,25	3,51	4,98	3,85	2,83	1,69	2,24	1,25	2,71	1,93	1,77	3,66	0,38	-2,00	-0,98	2,69	5,47	-0,27	-0,03	4,67	3,41	0,59	0,19	1,13	6,65	5,16	-5,18	-5,57	0,26	-1,23	2,62	-2,39	-0,24	4,69	-0,49	-2,02	-3,80	-1,07	4,21	-0,50	1,11	0,05	-2,64	1,62	-0,75	-0,08	2,91	3,75	3,19	2,10	2,26	2,99	1,44	2,79	0,59	0,93	2,20	2,44	2,07	0,95	1,57	4,84	-0,08	-1,19	0,95	4,77	3,83	-1,48	-3,29	3,56	1,28	-0,23	-2,61	-1,47	1,45	0,39	-3,32	-1,38	-2,14	0,69	2,90	-0,10	0,46	3,79	0,71	-1,46	-5,47	-1,05	3,21	-0,22	-0,04	-0,34	-1,75	1,39	0,26	0,95	1,72	2,09	4,38	2,72	4,11	4,98	2,31	4,07	2,65	1,52	4,42	0,04	1,02	2,44	1,95	5,37	2,39	-0,92	0,77	2,83	5,90	0,83	-2,45	3,34	-1,42	-1,52	-0,25	-0,66	3,22	1,19	-2,96	-4,41	-3,34	-1,59	0,71	-1,05	1,14	2,74	2,39	-1,91	-5,72	-0,79	1,79	-1,37	1,49	1,82	-2,69	1,91	-1,86	1,07	0,76	4,11	4,28	2,69	4,71	4,73	2,94	4,23	1,61	0,93	3,31	0,85	1,88	3,55	1,54	4,70	3,39	1,23	3,19	3,33	4,36	-0,61	0,08	4,53	0,00	-0,22	-1,12	-1,36	4,27	2,47	-3,57	-6,07	-5,05	-3,88	1,71	-0,15	-0,73	2,49	1,70	-1,38	-6,70	-1,52	2,46	-2,24	-1,56	-1,46	-2,74	0,32	-0,85	0,75	1,98	5,85	5,81	3,46	0,45	4,96	2,22	1,74	2,84	1,51	0,80	1,17	3,58	2,13	2,86	4,49	2,21	-2,35	2,64	3,35	4,85	-2,09	-1,06	2,95	-0,90	0,02	-2,21	-2,50	3,88	1,17	-0,54	-3,14	-4,63	-2,70	3,03	1,61	-0,29	4,45	0,71	-2,50	-3,69	-1,51	3,82	-1,03	0,18	0,99	-1,66	2,54	2,33	3,39	4,27	2,02	5,73	4,04	0,78	4,17	5,98	2,74	2,35	0,98	3,42	0,61	2,61	3,42	1,46	3,24	-0,66	-1,02	0,09	4,00	3,61	-0,36	3,23	4,14	-2,19	-0,84	0,20	-2,11	2,66	0,73	-2,73	-4,31	-5,28	-5,04	3,46	-3,51	-3,64	2,05	1,93	-3,83	-4,65	-4,25	0,11	-1,05	-1,50	-0,27	-2,48	0,96	-0,56	0,54	3,98	3,18	4,73	2,07	2,96	7,04	4,05	6,15	2,57	1,81	4,59	0,45	1,47	2,88	2,44	4,49	1,41	1,03	4,40	3,45	5,02	-1,00	-1,34	4,70	0,39	0,11	-0,61	-1,32	4,04	2,70	-3,87	-4,39	-5,18	-4,45	5,30	-1,80	3,84	3,43	-0,70	-2,85	-3,49	-1,36	0,95	-0,63	-0,12	-1,17	-1,25	3,76	-0,23	1,85	1,92	2,76	5,25	3,61	0,61	1,32	2,89	2,10	2,94	0,67	1,75	2,03	1,84	1,98	2,90	7,20	3,54	-0,00	2,83	2,82	0,36	0,59	0,05	4,48	3,17	3,28	0,29	0,55	5,49	2,71	-2,04	-4,07	-5,08	-2,33	3,89	-1,36	-1,48	4,92	1,03	-1,38	-5,83	1,27	3,70	-0,40	0,62	1,18	0,33	3,75	0,57	2,92	4,46	3,85	4,80	4,94	4,77
-3,00	4,89	2,21	6,32	5,39	2,24	5,14	8,24	3,72	7,90	6,87	3,50	7,70	1,50	2,45	-1,51	-0,96	3,92	-2,13	-1,21	3,81	-1,46	3,09	5,24	-1,38	4,66	-1,59	-1,75	-1,87	0,50	-0,38	-1,68	-5,37	-0,53	-6,70	-6,51	-1,11	-4,11	-6,29	-1,48	-2,48	0,40	1,05	1,16	3,92	0,65	2,72	1,81	0,09	1,34	2,66	4,99	4,86	4,83	2,95	1,99	3,08	2,16	3,69	3,53	3,14	0,08	2,93	2,77	2,15	-2,03	-1,52	1,39	-2,84	-3,45	-0,14	-2,73	3,54	-0,34	-2,01	-3,11	-6,38	-6,62	-1,86	-1,03	3,97	-0,64	-5,54	0,37	-6,18	-5,43	-1,04	-7,40	-5,14	-0,24	-1,36	1,08	-2,94	1,59	1,03	-1,11	-0,12	2,93	2,46	0,75	2,18	4,69	4,09	3,20	2,66	3,15	2,89	1,66	5,07	2,42	3,40	-1,13	2,33	-1,30	0,29	-1,70	-2,13	-0,48	-4,69	-5,44	2,32	-3,54	0,16	4,24	-0,14	-4,98	-5,15	-6,92	-5,00	-3,08	2,55	0,49	-4,65	1,41	-3,80	-5,15	-1,39	-1,45	-4,60	-4,22	-2,53	0,69	0,63	2,52	2,46	3,65	0,10	3,14	2,14	2,76	4,04	3,67	3,72	5,56	2,88	2,75	2,68	3,17	2,62	4,26	3,41	-1,39	1,41	-0,98	-0,62	-3,90	-4,04	-3,07	-5,20	-5,31	-4,59	-2,55	0,67	0,42	-0,67	-6,48	-7,10	-4,70	-5,55	-1,29	2,64	0,05	-4,75	-0,78	-8,79	-7,70	-5,24	-7,77	-8,02	-2,36	-3,02	0,49	-1,71	5,65	4,00	-0,12	-0,46	1,17	2,49	-0,36	5,07	4,49	5,55	4,59	4,00	5,99	1,37	2,46	2,08	5,22	3,98	-2,50	1,63	-1,18	-1,65	-1,67	-1,96	-0,97	-4,00	-3,37	-0,11	-3,52	1,32	3,79	0,10	-4,47	-3,04	-4,02	-4,85	-4,83	-1,15	-1,98	-3,81	-1,45	-7,72	-7,33	-4,93	-5,17	-6,59	-3,70	-2,28	1,02	-1,11	1,56	1,23	1,50	1,08	2,90	0,04	-0,87	3,65	1,18	5,33	4,59	0,30	0,26	3,86	1,97	1,24	4,24	1,48	-1,57	2,87	0,49	-1,12	-5,27	-6,18	-4,53	-5,64	-6,60	-4,04	-5,18	-0,99	3,33	1,83	-6,47	-5,72	-7,13	-5,10	-2,09	1,51	0,33	-4,61	-1,50	-6,87	-6,67	-5,24	-5,09	-2,38	-2,65	-0,19	2,41	-2,48	0,59	2,94	0,03	-0,13	1,70	2,76	1,46	4,69	1,62	-0,22	3,91	3,10	3,06	1,72	0,34	0,27	1,38	4,45	-1,19	3,02	0,32	1,56	-4,18	-5,85	-3,20	-5,58	-7,39	-3,71	-6,21	0,26	1,18	-3,46	-7,99	-8,10	-8,20	-5,58	-3,63	1,37	0,46	-4,32	0,46	-7,36	-7,37	-6,29	-7,60	-7,56	-4,68	-3,98	2,58	-2,84	3,44	0,67	0,47	1,31	1,93	1,13	0,79	2,42	3,24	2,69	5,90	4,39	3,07	-0,24	1,42	2,58	5,74	5,10	-2,40	1,91	-1,07	-1,18	-3,00	-3,57	-0,66	-3,60	-5,59	-2,14	-5,11	0,23	1,45	-0,43	-4,74	-4,91	-6,97	-3,64	-4,08	1,98	-1,89	-3,57	-0,28	-4,47	-8,23	-4,77	-8,40	-6,52	-4,36	-5,39	0,94	-0,69	1,12	2,46	1,66	-0,25	2,84	2,75	1,45	3,85	3,24	3,46	3,53	2,09	3,43	3,33	0,43	2,06	1,61	2,64	-0,69	0,07	-1,66	-1,87	-5,19	-6,35	-4,86	-5,80	-7,62	-4,89	-7,25	0,44	3,07	-0,57	-7,41	-7,38	-7,56	-5,06	-3,52	1,78	2,11	-2,02	2,12	-5,85	-7,80	-5,24	-7,46	-7,56	-4,89	-2,10	1,87	-1,96	-0,12	1,87	2,51	0,75	3,64	4,73	2,41	2,72	0,85	2,22	3,31	5,47	2,39	1,40	0,67	0,63	2,08	5,82	0,97	-0,01	-3,20	0,77	-3,23	-4,65	-3,53	-5,32	-6,16	-2,84	-6,49	0,12	0,12	-4,19	-7,55	-4,86	-6,80	-5,13	-5,78	0,17	-0,07	-4,72	-3,23	-6,05	-7,41	-4,11	-7,64	-5,79	-4,02	-1,48	0,66	-4,43	0,72	-0,51	-0,18	0,38	3,35	1,99	0,56	1,31	5,33	2,79	4,45	4,73	4,37	1,58	0,56	1,38	4,27	4,58	-1,24	2,54	-1,71	-1,57	-1,27	-3,18	-3,05	-4,87	-5,80	-2,38	-5,77	1,03	1,32	-3,68	-6,05	-5,72	-4,94	-3,64	-3,88	4,26	0,13	-1,72	1,07	-7,56	-5,65	-7,50	-6,99	-5,21	-5,49	-4,16	-1,57	-3,28	2,15	0,76	0,71	0,15	3,12	3,17	1,10	2,82	0,86	4,33	5,26	1,90	1,07	1,92	-0,79	3,22	4,37	2,68	-2,17	-0,07	-1,88	-0,30	-4,20	-4,57	-2,26	-4,96	-5,29	-2,92	-4,34	1,29	4,35	-2,57	-5,62	-2,80	-6,87	-5,76	-4,69	-1,49	-0,98	-3,86	-1,67	-5,08	-5,22	-4,60	-5,43	-5,65	-2,83	-3,19	2,17	1,07	4,91	2,90	1,08	0,27	2,02	2,92	1,54	0,31	5,33	5,08	3,36	3,07	4,78	3,69	1,45	3,44	2,89	3,75	-1,71	0,47	-0,10	-0,36	-5,93	-2,27	-3,22	-6,04	-6,74	-5,10	-4,36	0,54	2,28	-3,41	-6,22	-6,44	-5,59	-0,11	0,80	1,23	-3,05	-5,82	1,00	-4,70	-6,81	-2,36	-4,81	-5,65	-4,29	-1,24	2,31	-3,04	0,22	0,65	0,73	2,02	2,08	2,64	2,06	3,52	2,66	4,97	3,94	-0,08	1,84	2,06	3,54	2,75	3,00	2,34	-1,38	-0,14	-2,88	-0,74	-4,53	-4,96	-1,40	-3,75	-3,38	-0,59	-3,84	-1,24	-0,64	-3,90	-2,55	-0,41	-2,38	-3,37	-3,44	-0,38	2,98	-1,78	-1,71	-7,36	-8,30	-5,51	-7,81	-7,54	-3,68	-2,99	1,26	-2,49	3,70	3,60	2,12	0,90	0,56	1,21	2,17	3,65	2,48	4,10	5,06	1,99	3,31	2,84	4,87	2,64	4,11	5,12	0,11	1,84	0,12	1,38	-5,04	-5,06	-5,27	-6,39	-7,49	-5,77	-5,87	-0,13	1,46	-1,77	-5,37	-5,99	-4,81	-3,99	-1,48	0,09	-1,29	-2,65	-1,29	-4,03	-5,11	-4,56	-5,56	-2,67	-2,59	-0,99	0,72	0,18	5,00	2,92	1,92	0,97	1,37	-0,15	0,65	0,92	3,32	2,25	2,25	2,57	0,70	3,40	1,01	4,44	3,87	2,24	1,01	1,48	-1,81	-0,56	-3,91	-5,96	-4,43	-6,76	-7,80	-6,07	-5,86	2,14	3,81	-1,17	-7,21	-7,41	-8,11	-5,10	-4,25	-1,98	-3,13	-3,73	-0,61	-6,25	-6,17	-7,25	-7,38	-6,15	-5,04	-4,59	-0,44	-2,17	3,29	2,07	1,20	0,40	2,22	-0,12	0,34	2,06	0,72	1,48	4,08	1,73	1,86	0,90	0,86	3,45	3,01	3,04	-1,13	2,52	0,43	0,31	-3,85	-6,73	-4,46	-4,20	-7,32	-4,09	-5,26	-1,56	2,08	-1,38	-5,60	-6,85	-5,84	-5,91	-3,45	1,38	-1,99	-2,09	-1,73	-7,92	-8,03	-5,68	-5,76	-7,04	-1,48	-3,20	1,15	-1,86	1,68	5,27	2,84	2,58	3,89	2,83	0,10	3,72	1,12	-1,43	3,80	0,92	0,92	4,36	1,41	-1,17	1,86	2,04	-0,86	3,44	-0,88	0,59	-3,79	-5,61	-5,08	-7,05	-6,86	-4,36	-6,59	0,24	2,39	1,65	-6,57	-5,81	-5,82	-5,15	-3,82	0,24	-0,96	-3,93	0,02	-5,82	-7,28	-4,47	-3,91	-3,75	-1,61	-4,90	2,29	-1,48	-1,42	-0,55	-0,64	-0,43	1,71	3,88	2,24	3,97	5,06	4,70	3,17	1,80	0,91	2,41	3,75	2,43	1,75	2,67	-0,43	0,24	-0,98	0,93	-3,79	-5,73	-4,96	-6,88	-7,54	-4,82	-6,36	-1,50	2,44	-3,03	-6,62	-7,26	-7,42	-3,33	-4,62	0,35	0,57	-1,14	4,19	-8,06	-8,42	-6,98	-8,43	-8,54	-5,57	-3,74	-0,56	-0,69	1,43	2,14	1,84	1,83	0,79	3,32	1,92	3,66	2,79	3,02	3,69	1,93	0,93	1,40	0,44	2,45	5,28	4,45	-0,60	1,18	-4,04	0,09	-4,83	-5,36	-4,30	-6,05	-6,55	-3,91	-5,00	1,85	5,05	-0,31	-6,87	-4,49	-6,03	-2,71	-0,88	1,44	-0,07	-5,52	0,88	-6,16	-5,20	-5,82	-7,65	-6,85	-5,06	-3,05	2,81	-0,03	4,12	5,19	4,32	3,35	4,34	3,13	2,42	4,32	4,66	4,20
-2,00	5,11	5,19	9,30	7,07	6,12	3,59	8,52	4,91	8,67	4,71	3,95	7,67	-0,10	8,91	2,94	2,26	5,61	7,37	4,45	3,17	3,10	0,05	1,24	5,68	2,06	5,30	4,27	4,50	0,17	-0,73	-0,45	1,87	0,02	2,15	0,52	-1,26	-2,66	-4,47	5,27	-0,65	2,07	0,60	-0,64	4,68	1,64	4,01	0,34	1,73	5,46	4,94	1,25	2,87	2,81	3,47	4,72	1,39	4,94	3,45	5,60	0,29	1,49	5,25	0,80	2,00	1,90	-1,67	3,76	8,15	2,59	-2,71	1,15	-3,60	1,39	0,04	2,23	3,63	1,64	-0,06	-5,49	-1,18	-4,37	-2,44	-3,39	-0,79	0,76	0,23	-2,54	-6,75	-1,53	-3,55	-0,17	-1,52	0,04	4,74	0,23	1,21	-1,38	1,32	3,63	4,38	3,21	3,46	3,70	6,36	5,16	2,29	2,37	1,84	6,90	1,00	2,23	2,62	-1,95	4,82	-0,06	-2,91	0,88	5,77	1,27	2,16	0,63	-2,46	2,24	-2,16	-0,91	-0,56	1,28	0,24	-3,12	1,96	-2,27	1,99	-0,38	-0,45	2,68	-2,27	-2,82	-5,58	5,34	-2,62	-0,63	-1,35	0,85	4,30	0,38	2,79	2,14	4,00	5,02	3,95	3,34	4,28	3,42	2,83	3,71	1,19	1,56	-0,14	2,61	-2,61	-0,36	3,66	0,81	3,10	-2,02	-1,82	1,52	6,46	3,40	1,19	-0,38	-1,67	0,48	-3,87	-4,59	-2,93	-0,39	-0,46	-4,60	0,21	-0,72	-2,99	-2,85	-0,73	3,92	-0,00	-3,52	-1,60	2,11	-1,25	2,14	-0,28	0,07	5,48	3,53	4,72	-0,92	4,63	2,34	1,32	3,02	0,53	2,30	6,61	5,98	0,16	3,04	3,58	3,56	-1,52	1,73	3,25	-1,03	4,76	0,51	-1,39	3,75	3,60	2,69	0,40	0,94	-1,06	0,39	2,24	0,33	2,79	-0,16	-0,29	-4,92	0,14	-3,81	-1,26	-2,41	1,28	4,02	-0,22	-0,47	-2,69	2,60	-0,16	0,74	1,37	0,17	3,84	0,42	1,42	-1,29	4,38	3,40	2,78	2,68	2,33	2,86	4,15	4,43	2,90	0,67	-1,64	-0,20	-4,45	-3,74	0,48	0,73	4,83	1,31	-3,62	2,76	4,61	1,33	-2,07	1,72	-1,78	0,09	-2,09	0,58	1,25	-0,50	-1,17	-3,36	1,64	-4,47	-2,43	0,11	-0,70	1,32	-0,08	-2,37	-4,73	3,39	-1,39	1,96	1,27	-2,02	2,92	1,37	1,75	-0,48	2,18	4,61	3,30	1,61	4,04	5,26	4,25	3,83	-0,01	1,82	-0,40	1,16	-4,68	-3,82	-1,14	-1,21	5,38	-2,48	-2,55	2,12	2,75	-1,28	-0,34	-0,58	-3,29	-2,65	-3,82	-2,67	-0,97	0,51	-0,14	-4,45	0,33	-3,96	1,39	-2,85	0,43	2,86	-0,57	-3,39	-6,37	1,29	-3,14	1,33	-1,15	-1,18	5,42	-1,46	2,04	-0,45	3,56	3,50	5,94	3,40	1,28	3,24	3,49	5,83	1,21	1,64	1,84	3,94	-1,24	0,50	1,07	0,56	3,06	-3,10	-4,43	1,64	6,05	0,64	0,14	-0,33	-1,04	-0,60	-3,67	-3,41	-0,21	0,72	-0,72	-4,66	-3,33	-4,03	-0,38	-2,17	-1,27	-0,01	0,28	-2,62	-4,38	0,79	-1,54	-1,24	0,91	-1,06	6,19	0,36	1,17	0,53	3,97	2,18	2,25	3,58	1,33	2,66	5,44	5,21	2,81	0,76	-0,97	-0,09	-3,91	-4,02	0,19	-0,64	5,10	-0,70	-2,59	0,73	6,57	3,41	0,34	-2,50	-4,19	0,78	-2,17	0,43	0,99	0,13	-0,34	-4,84	-0,42	-4,01	-2,43	-2,48	-0,47	2,22	0,31	-0,36	-2,79	3,97	-3,17	2,97	0,32	0,08	5,04	2,29	3,02	-0,02	4,00	2,69	2,57	2,21	5,62	5,14	2,19	4,52	0,00	3,68	0,31	1,22	-4,04	-3,15	-0,28	-0,51	4,53	-0,54	-3,51	2,96	6,35	4,88	-0,09	-1,65	-2,02	1,01	-3,10	-2,30	-2,28	1,16	-0,31	-3,04	0,98	-3,80	-1,20	-1,81	-0,63	0,69	-3,15	-3,18	-5,35	2,21	-3,19	1,18	-2,03	2,19	3,56	0,23	1,54	-2,15	1,64	3,46	4,04	5,13	1,84	5,22	6,90	1,84	-0,01	3,31	0,92	3,16	-1,97	-1,07	0,26	0,13	6,34	2,18	0,40	3,47	2,83	1,32	-2,42	-1,14	-4,44	-2,74	-5,02	-0,35	-2,20	2,08	0,51	-1,22	4,49	-3,31	-0,08	-2,50	2,54	3,43	-1,64	-2,72	-3,91	4,91	-4,12	2,03	0,31	-0,30	4,34	1,07	1,84	0,50	4,54	1,97	4,64	4,73	4,53	2,59	4,02	3,56	1,31	2,25	-1,17	2,11	-3,25	-3,53	1,63	0,14	6,68	-0,84	-3,01	-1,57	-0,82	0,59	1,78	-0,73	-4,41	0,04	-2,23	-0,73	3,76	0,15	-0,62	-3,52	1,09	-4,83	-3,21	-3,50	1,05	4,52	1,40	0,48	2,40	3,18	-2,58	1,15	-1,41	-0,08	1,98	1,11	1,60	-0,39	0,06	4,49	3,61	2,30	3,21	1,76	5,46	3,94	0,45	0,14	-0,48	0,53	-2,58	-2,97	1,42	-0,79	3,75	1,34	-2,79	1,55	4,46	1,55	1,71	0,89	-2,52	1,10	-3,06	-3,79	-0,62	2,03	0,43	-4,42	0,68	-4,47	-1,87	-1,66	-1,92	3,26	1,23	-1,03	-5,08	0,49	-2,36	4,26	1,41	-2,38	4,74	1,52	4,10	-0,07	3,67	3,52	3,95	3,22	3,99	3,79	6,53	2,79	1,48	2,92	0,04	1,17	-2,24	-1,96	1,41	-0,55	3,80	0,05	-2,98	0,46	5,69	4,33	-0,98	-1,27	-4,17	2,42	-1,56	-1,88	0,86	-0,01	-1,29	-4,10	-1,32	-1,56	-3,49	-1,66	-2,44	-1,70	1,44	-3,05	-0,54	5,72	-2,37	-0,29	-2,40	1,04	3,35	0,43	2,75	-1,32	2,95	2,59	2,28	4,89	5,99	3,23	2,37	3,84	0,63	1,71	-1,31	1,08	-4,50	-2,67	-1,16	0,32	5,13	-0,06	-1,66	0,28	4,26	1,50	0,08	-0,14	-2,04	1,40	-2,77	-1,11	0,62	-1,30	-2,14	-4,91	-2,44	-3,78	-0,95	-2,50	-1,39	1,15	-3,51	-0,92	-1,72	3,59	-3,86	-3,27	0,10	-1,53	3,06	1,78	3,11	-0,51	2,19	5,45	4,38	4,86	3,15	3,47	6,45	3,61	2,95	0,57	-1,76	-0,01	-3,34	-5,19	-0,17	1,56	4,91	-2,29	-2,54	-2,73	2,84	-0,06	-3,03	-1,96	-5,41	-1,64	-4,99	-1,52	-0,39	0,99	-0,16	-2,62	-4,25	-4,99	-2,36	-3,79	-0,28	5,48	-0,18	-0,68	-2,22	3,27	-2,99	-0,42	0,08	-0,89	4,33	-1,09	2,66	-0,60	2,41	2,83	3,89	4,09	2,31	4,67	5,96	2,87	1,45	0,62	-1,48	0,37	-2,88	-4,28	-0,02	2,37	4,94	0,54	-2,94	3,23	4,59	3,09	0,69	-0,88	-3,62	-1,02	-0,72	-0,77	0,69	1,34	0,20	-3,99	0,22	-4,44	-2,47	-3,66	1,08	3,23	-1,16	-2,25	-3,17	3,14	-0,14	4,27	2,49	-0,49	3,52	0,31	3,05	-0,79	1,74	4,26	3,63	1,18	2,52	2,54	4,20	1,50	1,04	-1,36	-2,49	0,60	-1,93	-4,52	-0,98	1,29	6,85	-0,42	-1,27	1,33	3,92	2,68	-0,44	-0,02	-1,92	1,73	-3,22	-0,18	1,10	0,58	-1,12	-5,79	-1,33	-4,68	1,65	1,97	0,46	2,76	0,07	-2,78	-5,68	3,47	-2,96	1,08	-0,47	-0,79	5,36	-2,48	0,39	-0,00	4,37	4,97	4,92	4,98	3,69	3,47	5,93	4,56	0,77	1,05	-1,70	0,13	-4,49	-4,32	-1,22	1,13	8,66	-1,52	-3,46	-0,05	0,11	-0,55	-2,58	0,06	-1,97	-0,60	-3,12	-1,24	0,74	0,16	-1,74	-3,82	1,89	4,08	-0,29	1,44	-1,00	1,74	-1,40	-2,24	-0,80	3,96	-2,37	1,98	-0,64	-0,46	2,56	1,61	1,29	2,16	2,56	5,84	2,94	3,48	3,91	2,93	2,65	3,82	0,76	2,24	1,82	1,24	-2,61	-2,04	-0,56	-0,07	5,56	0,02	-2,44	3,35	6,07	2,92	-1,54	-2,20	-2,91	1,64	-3,67	0,58	5,93	0,98	0,36	-1,86	0,42	0,38	-1,76	-2,23	-0,37	2,69	-2,11	-2,30	-2,35	4,71	-2,43	2,22	2,12	1,86	5,20	2,16	2,91	3,07	5,35	9,64	5,70	3,39	5,73
-1,00	3,63	0,96	4,08	4,39	5,10	8,48	7,01	10,23	9,87	4,36	6,46	3,40	6,63	6,38	5,67	2,53	-1,99	3,71	4,66	8,75	6,42	1,97	8,22	8,69	9,83	6,97	3,80	7,72	5,88	-2,51	-1,90	-0,95	-0,90	0,71	0,15	1,34	-0,21	1,58	2,56	-0,46	1,72	-0,51	-0,19	0,34	1,08	1,01	4,84	-0,47	-3,28	0,91	-0,82	0,60	4,94	3,58	4,38	6,07	2,54	4,72	8,60	3,99	4,71	5,79	2,91	3,35	1,78	2,99	-2,02	0,50	-3,77	-3,38	-4,96	-6,43	-3,57	0,90	2,95	5,26	6,20	7,81	3,31	-3,29	-1,13	-0,74	-2,02	-2,39	-1,96	-7,89	-0,82	1,94	-0,48	-1,95	0,89	-0,32	-1,26	0,33	-0,13	-0,93	4,85	1,18	-0,50	1,89	1,62	2,79	4,61	3,04	3,41	5,30	6,32	4,95	7,18	4,78	1,94	2,99	5,16	5,39	0,62	2,09	-2,36	-0,85	-1,59	-4,09	-5,47	-6,94	-2,52	2,86	5,41	5,61	5,58	6,80	5,83	-3,94	-5,49	-2,25	-2,63	-1,15	-2,51	-8,03	-2,27	0,34	2,30	2,68	-1,24	-2,49	-0,77	-1,49	1,95	1,61	5,19	0,39	0,01	2,66	1,07	2,15	5,12	2,70	5,40	3,71	3,96	8,87	5,98	4,51	2,39	2,06	3,53	3,36	0,76	1,75	-0,33	2,46	-1,21	-3,35	-5,04	-7,11	-5,41	-0,67	2,98	5,82	5,28	4,98	4,68	-3,03	-3,68	-1,46	0,49	-2,19	-4,75	-8,38	-1,60	-1,87	1,99	1,84	1,16	-3,10	-1,24	0,58	1,15	0,64	2,27	-1,08	-1,68	1,62	1,69	1,24	3,85	2,99	2,85	3,12	3,91	5,26	0,45	1,57	2,42	0,37	2,40	4,59	-0,17	-1,16	-4,52	-0,39	-0,08	-1,13	-4,54	-6,03	-5,24	1,50	2,95	6,40	4,04	6,16	4,03	-1,93	-3,65	-1,25	0,69	-1,36	-2,22	-8,24	-2,46	-5,93	0,99	2,39	0,29	-3,46	0,37	-0,63	-0,16	0,27	3,81	-2,47	-1,55	0,59	-0,90	0,20	4,13	2,28	1,27	4,81	4,89	6,43	3,54	3,10	2,37	2,31	5,05	3,96	0,21	1,47	-0,69	0,90	-0,32	-2,99	-5,53	-7,48	-3,84	0,55	1,77	2,63	5,71	5,72	4,03	-4,19	-5,03	-3,37	-2,53	-3,17	-4,33	-9,07	-2,11	-1,11	2,73	1,87	-1,23	-1,27	-0,49	-0,00	0,99	-1,49	2,03	-1,07	-2,36	2,14	0,33	1,61	3,57	2,29	2,98	6,98	2,54	4,50	4,89	4,02	0,87	1,91	0,52	4,40	-2,25	-0,21	-0,58	1,34	-0,03	-3,45	-4,07	-6,58	-4,82	-0,52	2,11	5,97	3,07	3,86	2,80	-3,93	-5,49	-1,43	0,59	-0,98	-4,35	-8,14	-1,33	-4,32	1,49	2,04	0,09	-3,72	-0,43	-0,39	0,86	0,84	4,74	-0,14	0,01	1,03	-1,07	0,31	4,88	2,25	2,15	5,10	5,83	3,85	2,72	0,81	1,73	0,37	2,25	2,61	-1,65	1,32	-2,05	-0,86	-0,93	-5,23	-5,93	-6,68	-5,10	0,18	2,27	5,72	3,47	5,36	1,70	-4,42	-3,76	-3,91	-1,54	-2,82	-6,19	-6,54	-1,34	0,30	2,26	3,53	-1,20	-0,34	-1,41	-1,26	-1,59	-0,37	4,31	-0,76	-1,70	-0,17	-1,13	0,99	4,39	2,25	2,74	5,93	3,47	4,54	3,70	2,06	2,20	0,72	2,63	5,18	-1,22	2,07	-1,94	1,45	-1,50	-5,25	-5,11	-7,22	-4,72	-0,22	1,90	5,66	6,00	7,30	7,63	-3,42	-3,25	-1,45	-1,89	-1,90	-3,81	-8,85	-1,58	-1,39	-1,12	0,56	1,17	-4,07	-1,91	0,08	0,01	-0,52	5,71	-0,67	-1,43	0,89	-1,57	0,94	3,31	0,56	1,93	7,26	5,43	4,88	5,30	1,22	1,03	4,15	4,52	4,94	-0,94	1,64	-0,91	-0,43	-1,72	-4,71	-5,14	-7,29	-4,64	0,83	3,43	5,13	6,03	5,21	4,60	-4,10	-3,91	-3,45	-4,13	-4,58	-5,55	-8,02	-3,77	-3,26	-1,37	-0,38	-1,96	0,78	-1,30	0,05	1,58	-0,45	4,22	0,77	-1,05	-0,65	0,67	2,29	4,80	2,45	1,15	3,71	1,36	7,59	5,84	3,57	3,13	1,94	3,92	5,39	2,16	2,81	-1,51	0,20	1,27	-3,48	-3,36	-5,09	-2,26	0,67	0,67	4,00	4,86	5,38	3,99	-2,53	-1,08	-3,84	-0,12	-1,93	-4,03	-9,27	0,43	-3,47	0,77	0,28	-1,83	-2,28	-2,09	-0,87	1,00	0,10	3,70	-0,47	-1,65	1,29	0,10	1,58	3,27	0,64	2,84	5,64	4,27	5,91	4,50	1,38	1,94	0,39	4,27	4,50	0,71	1,74	-2,56	-2,63	-1,32	-3,35	-5,01	-6,54	-3,25	1,98	1,39	5,55	5,24	5,58	5,17	-0,52	-3,17	-0,82	-1,76	-1,83	-4,47	-6,32	1,19	-2,25	1,20	3,06	0,98	-1,04	-0,54	0,52	2,65	-1,41	5,39	1,88	0,23	2,81	0,87	-0,05	3,93	2,62	2,96	6,28	3,40	5,09	3,08	3,89	3,67	3,10	3,35	4,38	1,56	1,55	-0,73	0,16	-0,17	-2,03	-5,48	-6,33	-5,46	-1,55	-1,22	-0,47	4,24	5,74	4,94	-3,95	-3,62	-7,28	-3,04	-2,36	-3,67	-7,48	-1,55	-1,16	2,29	1,26	-1,01	0,12	-0,97	1,26	0,95	0,04	4,70	0,41	-2,13	0,40	-1,71	-0,96	2,80	3,52	3,66	5,51	3,32	5,51	7,04	4,81	2,56	1,66	0,54	3,84	2,19	1,64	-1,89	0,58	-0,39	-1,74	-6,17	-5,52	-3,01	0,52	1,21	0,65	3,10	2,68	4,67	-5,10	-6,07	-3,60	-2,41	-3,04	-4,83	-5,67	-3,71	-0,79	2,57	1,20	-0,71	-2,95	-1,69	-0,59	0,86	-0,79	2,78	-0,31	-1,33	-0,22	-0,86	0,89	4,64	2,70	3,51	5,60	4,98	7,88	5,79	3,15	4,40	1,60	2,02	2,95	-0,63	-0,33	-2,61	-1,05	-0,38	-3,69	-5,30	-6,57	-4,18	1,40	1,70	2,37	5,09	5,26	2,89	-4,52	-0,37	-3,19	-2,38	-3,26	-3,38	-7,52	0,20	0,18	1,29	1,08	-1,49	-1,39	0,32	0,84	1,18	0,13	3,72	0,76	-0,52	0,76	-0,33	2,19	3,68	1,85	2,58	4,37	4,44	3,18	4,41	5,90	2,74	0,92	4,17	4,01	0,89	2,03	-3,28	-1,09	-0,63	-2,14	-4,96	-6,86	-4,98	0,66	1,63	5,60	4,28	6,93	4,59	-5,60	-2,96	-1,86	-1,24	-2,30	-5,00	-8,53	-0,00	-0,57	-0,36	-2,12	-2,10	-3,33	-1,67	-2,15	0,69	-0,27	5,73	0,58	-0,61	1,13	-1,45	2,03	5,22	2,62	2,72	5,02	3,38	5,56	5,62	4,44	1,97	1,06	2,98	4,61	0,20	-0,51	-3,11	-2,26	-1,94	-3,60	-5,64	-7,08	-4,09	-0,44	1,02	2,23	5,66	6,33	6,10	-0,58	-3,72	-1,51	-0,55	-2,17	-5,18	-8,35	-4,14	-2,27	2,43	2,43	-0,95	-3,08	-2,53	2,50	0,64	0,19	2,57	-1,55	-1,09	0,42	0,14	1,94	4,74	1,23	1,82	5,16	-0,14	4,67	7,74	4,71	3,64	4,61	4,89	2,14	1,35	4,27	-2,97	-1,41	0,59	-0,74	-3,03	-5,03	-5,22	1,68	2,67	2,91	3,39	5,78	5,02	-1,71	-5,43	-3,35	-3,42	-1,69	-2,52	-7,42	-2,47	-3,38	0,40	1,22	-1,21	-0,51	0,75	3,13	2,08	0,83	2,65	-0,03	-0,59	2,78	1,77	1,85	3,31	3,25	3,20	5,96	2,85	3,26	7,70	3,70	3,77	3,09	5,50	3,94	-2,53	0,26	-1,92	-0,60	0,17	-1,65	-5,18	-6,94	-5,34	0,12	2,16	3,97	3,60	5,68	3,24	-1,55	-2,39	-1,67	0,64	-1,83	-3,72	-6,52	-0,70	-0,17	1,65	2,30	-0,42	1,41	1,72	0,78	2,68	-0,76	3,41	-0,32	-2,00	2,82	3,46	1,97	3,28	2,24	2,44	5,75	2,14	6,13	7,35	6,28	1,98	0,96	5,17	3,11	0,82	2,49	-1,95	0,81	-0,91	-3,07	-6,80	-7,24	-3,54	1,75	3,29	4,00	4,96	5,24	5,92	-1,88	1,21	-1,07	1,07	-1,15	-2,76	-8,10	1,41	-2,07	2,49	2,19	-0,62	0,96	4,09	4,76	5,12	5,21	6,53	1,69	-0,04	6,27	4,11	7,14
0,00	10,97	8,31	6,90	5,98	6,63	5,60	5,33	11,54	9,17	4,24	3,54	1,07	1,72	4,20	1,06	0,33	2,68	3,10	1,42	1,98	4,55	4,28	4,51	3,86	11,76	5,56	2,75	6,47	2,22	0,06	4,81	-1,09	3,16	1,58	-0,64	-2,78	-2,45	-3,09	-0,12	-0,96	0,65	1,05	4,18	0,82	4,63	3,11	1,35	0,47	2,27	4,98	4,81	3,92	7,37	9,22	5,55	7,03	6,54	5,52	7,42	5,51	3,87	0,90	1,10	1,78	0,64	1,92	0,76	1,73	0,89	4,95	1,27	1,07	-5,92	-3,04	-2,13	-5,53	-3,80	2,17	-1,78	-2,92	-3,31	-1,35	3,22	2,15	0,94	-1,01	0,04	-4,02	-1,70	-2,15	-2,40	-0,33	0,44	1,74	5,79	3,47	3,56	2,29	5,51	4,47	2,98	4,16	4,52	7,69	3,80	3,32	4,68	6,94	4,82	4,75	3,57	0,18	-1,44	0,81	1,83	-1,29	-0,81	-2,88	-1,01	-2,50	2,90	0,75	-4,79	-2,67	-0,44	-3,54	-4,41	3,25	-0,09	-2,70	-0,94	-0,86	1,94	-1,15	-0,34	-3,51	-2,32	-2,90	-0,73	-2,28	-2,48	-1,06	1,05	0,22	2,20	3,48	2,63	3,00	8,47	2,84	5,88	3,68	4,27	4,64	4,92	6,76	5,32	7,74	3,14	4,83	3,74	0,74	0,18	0,94	-3,37	2,79	1,83	1,88	2,56	-0,15	1,73	-2,65	-4,18	-0,24	0,31	-1,93	-2,41	5,47	1,04	-0,55	-1,58	-2,30	-2,62	2,64	-2,26	-2,52	-2,53	-3,75	-2,96	-2,62	-1,78	-1,43	1,47	1,52	2,55	1,60	2,71	2,97	6,74	4,37	6,11	4,84	5,07	4,87	1,02	3,25	0,43	1,14	2,61	2,91	1,97	0,66	1,82	3,41	-2,66	1,75	2,24	1,80	1,40	0,66	3,04	-1,34	-5,65	-1,50	1,06	-1,86	-3,13	2,72	0,91	-1,86	-0,28	2,98	4,02	1,90	0,48	-3,55	-3,10	-3,98	-1,29	-1,35	-0,98	1,57	1,48	1,56	1,84	3,10	2,21	3,27	4,82	2,69	4,93	2,30	3,28	3,77	3,59	3,09	4,02	4,40	4,67	3,69	2,67	0,37	1,72	2,33	-0,90	2,72	4,47	1,89	3,50	0,05	0,90	-2,36	-6,56	-2,93	-0,94	-3,55	-3,56	3,15	2,35	-3,02	-0,39	-1,15	1,47	1,75	0,97	-2,97	-2,62	-4,43	-0,07	-2,81	-3,33	-0,28	-0,50	1,66	1,56	-0,27	2,79	5,40	7,89	6,76	3,92	4,35	3,68	7,92	3,67	2,26	4,43	3,62	2,16	2,60	-0,05	-0,48	-0,54	1,14	-0,86	0,04	-0,31	1,57	1,97	0,16	-0,67	0,91	-4,44	-0,77	-0,50	-3,23	-4,69	1,41	-1,26	-3,43	-0,25	-1,71	-2,63	-3,05	-2,97	-2,66	-1,11	-3,03	-0,81	-4,99	-1,37	-0,91	2,71	0,09	2,89	2,36	1,24	2,74	7,40	5,15	6,13	4,02	7,25	8,95	2,62	3,36	3,12	6,12	4,32	1,73	0,07	-0,77	0,23	2,92	-0,72	1,68	2,47	3,90	-0,20	3,17	3,13	0,85	-6,32	-1,99	0,30	-3,16	-4,17	1,79	0,99	-1,71	0,73	-0,07	0,74	-3,05	-1,09	0,25	-1,84	-3,73	-1,50	-3,30	-3,93	-0,91	0,75	0,32	1,18	0,49	0,01	0,96	4,03	1,55	2,40	3,62	4,24	4,99	3,83	3,80	3,47	2,86	1,24	0,66	0,49	1,85	0,54	1,48	-1,63	1,96	1,22	3,81	0,71	0,67	2,73	2,78	-3,71	-0,64	0,57	-1,72	-2,59	5,05	2,61	0,87	0,72	3,17	1,71	0,18	-1,66	-3,28	-4,13	-4,35	-3,21	-2,48	-3,39	-1,19	0,17	0,57	5,02	1,57	3,19	4,15	6,55	3,86	6,56	3,95	2,06	4,43	3,11	1,28	6,26	4,13	5,07	4,77	2,61	1,06	1,08	-0,60	-0,88	0,68	0,81	2,40	0,99	1,33	1,59	1,32	-4,55	-1,58	-1,27	-4,33	-5,42	1,28	-0,75	-4,35	0,70	-2,11	-0,15	-1,83	0,30	-3,34	-2,81	-2,68	1,14	-0,37	-0,99	-0,58	0,13	0,04	1,72	0,12	2,24	2,93	4,61	4,05	4,21	3,45	3,28	5,42	1,88	3,29	2,34	5,85	0,23	0,40	4,39	1,59	-0,69	0,74	-0,28	0,81	0,63	0,45	0,38	-0,15	1,07	-2,22	-3,49	1,84	2,89	-1,04	-1,85	1,52	-0,67	-2,72	3,30	1,02	1,67	-1,61	0,22	1,21	-3,69	-2,82	-2,77	-3,55	-3,61	-2,10	1,24	1,32	3,95	2,44	2,63	0,47	5,81	4,23	5,90	3,89	5,54	3,87	1,90	0,03	6,29	4,90	2,45	1,83	1,79	-0,78	0,07	2,28	0,70	-0,54	-1,62	0,40	-0,17	0,03	2,37	-1,18	-2,85	-1,69	0,01	-1,40	-2,46	3,68	1,21	-1,78	-1,93	-0,55	1,74	0,19	-1,39	-2,99	-3,12	-5,27	-0,99	0,63	-1,10	-1,79	1,56	0,06	5,29	3,22	3,07	1,94	6,26	4,73	3,34	5,63	5,75	5,77	4,86	1,38	3,71	4,70	3,43	4,97	2,57	0,91	-0,01	3,77	1,02	3,31	2,24	1,40	-3,27	-0,16	-1,90	-2,16	-5,56	0,46	0,92	-1,16	-2,35	1,96	-0,17	-1,06	-0,29	1,54	3,10	-0,37	-1,74	-1,51	-1,22	-4,59	-1,90	-3,28	-2,00	-2,26	0,86	0,83	4,41	2,97	4,29	3,59	7,55	6,04	4,29	4,06	3,97	5,20	2,59	3,11	3,57	4,57	3,12	2,50	2,11	-1,69	-0,42	1,25	-0,53	-0,07	-0,11	1,95	0,74	2,49	2,33	-0,63	-4,93	-3,26	-1,94	-4,33	-4,21	2,42	0,86	-1,79	-1,00	-1,39	1,07	-1,41	0,14	-2,94	-2,77	-1,71	-3,09	-0,34	-0,66	-1,80	0,44	1,46	3,32	2,53	1,17	3,87	4,43	6,21	5,97	3,57	5,43	8,40	4,70	4,27	5,42	7,90	4,24	4,20	3,85	0,07	-0,40	0,31	-1,07	-0,06	-0,82	0,19	0,75	1,66	3,91	-0,08	-4,76	-1,17	-0,09	-3,10	-2,86	3,57	0,02	0,96	1,06	3,53	-1,22	-3,47	0,07	-2,85	-1,45	-4,27	1,26	-1,65	-3,35	-1,71	1,13	1,44	2,36	2,39	1,84	3,55	6,47	2,82	3,97	2,09	4,30	4,65	2,12	4,02	3,98	5,14	5,04	3,46	1,60	1,65	3,48	1,07	-0,70	1,67	1,32	-1,21	-0,84	2,65	3,66	0,42	-5,25	-0,33	1,45	-1,84	-1,92	3,88	-0,09	-2,83	0,25	0,38	-0,17	-1,17	-0,49	-0,93	-2,58	-1,69	0,60	-4,41	-4,27	-2,42	0,52	0,60	1,74	4,38	4,55	1,09	4,72	3,55	4,26	3,46	2,95	2,99	2,48	3,87	3,93	6,51	6,06	3,02	0,85	0,79	2,77	-3,07	-0,60	1,95	2,58	3,49	0,85	1,09	0,27	-1,16	-6,11	-2,86	-1,31	-4,10	-4,06	1,07	0,15	-2,21	-1,92	-2,37	-2,55	-3,04	-0,35	-2,48	-2,82	-3,12	-0,78	-3,48	-0,19	-1,69	2,41	2,53	4,47	2,87	2,09	5,05	7,76	3,45	4,17	3,08	4,21	5,32	3,72	3,86	6,57	5,84	5,03	3,94	1,90	0,34	-0,32	0,39	-0,56	0,24	1,61	3,06	2,50	1,26	-0,02	0,41	-3,23	-0,33	1,89	-1,39	-3,36	-0,21	-2,61	-3,94	-1,57	-1,09	-0,52	-0,89	-1,53	-2,20	-4,03	-3,99	-0,39	-1,61	-3,57	-1,24	1,74	-0,78	2,49	1,20	2,27	2,18	3,13	2,46	0,81	4,05	2,57	4,04	2,28	3,70	5,02	7,48	2,23	3,71	2,49	2,28	4,31	0,78	0,42	1,26	3,50	2,35	-0,40	3,42	2,62	-0,94	-5,71	-1,72	0,59	-1,91	-1,78	4,52	-0,25	-0,66	0,95	2,76	-0,26	-3,16	-0,25	-2,79	-1,10	-4,49	-0,17	-2,36	-2,23	-1,32	1,05	0,84	4,06	4,96	4,94	4,32	5,18	3,39	3,12	1,84	1,19	5,84	2,51	4,30	4,01	8,33	6,84	2,51	6,87	0,24	-0,31	3,67	-0,18	3,16	2,33	1,29	2,53	0,33	6,29	0,64	-6,40	-2,47	-0,61	-2,24	-3,54	0,48	3,08	5,49	-2,44	2,32	4,38	-0,69	2,67	0,20	0,23	-1,93	-0,70	-2,14	-2,21	-1,23	0,64	0,90	3,93	2,96	2,06	5,03	7,80	8,26	6,22	2,57
1,00	7,71	7,13	8,67	4,11	5,79	9,43	6,33	9,65	8,24	10,44	5,58	2,77	4,92	6,66	2,21	5,03	-1,41	4,91	1,76	3,84	1,82	1,54	0,05	4,48	6,84	5,83	7,70	6,61	6,49	-1,15	-1,20	-0,88	-0,19	-4,06	-2,68	-4,30	-1,01	-0,62	-0,61	-2,22	-0,25	-0,86	5,59	1,20	2,47	2,65	4,49	5,73	2,97	7,36	5,25	4,35	6,25	5,49	4,30	3,34	1,04	1,40	0,46	1,02	3,77	1,27	5,92	4,72	-0,70	3,24	-1,32	2,95	2,83	1,74	1,03	-3,63	-4,49	-2,24	-1,83	-1,02	2,54	-0,58	-0,07	-5,58	-7,16	2,46	0,30	-0,80	3,51	-4,87	-2,78	-3,39	0,82	2,65	-1,29	-3,16	4,54	4,36	4,22	1,76	5,23	4,25	3,38	2,79	3,92	6,22	4,56	4,24	3,70	5,69	-0,47	0,71	-0,36	1,27	4,84	0,69	3,16	0,26	0,16	1,14	-0,85	2,34	-1,09	-0,79	0,44	-2,22	-5,43	-1,24	-0,42	1,41	2,57	0,18	0,04	-6,77	-6,68	1,48	-3,94	-2,72	0,49	-5,35	-0,59	-3,91	1,56	3,36	-0,59	-1,25	5,68	2,19	4,57	1,37	3,55	3,26	3,10	4,16	-1,36	-1,77	1,18	-0,70	0,00	4,84	-1,99	-3,26	-4,45	-2,69	-3,29	2,46	5,29	2,14	-1,22	4,70	-2,24	0,64	0,54	-0,08	0,02	-2,01	-0,99	1,09	2,00	5,70	5,05	1,26	0,62	-6,22	-7,19	-0,35	-0,69	-1,18	2,17	-4,76	-0,78	-1,98	-1,29	0,44	0,79	-0,26	2,67	3,54	3,12	1,19	4,83	5,88	2,57	5,31	-0,46	-1,26	2,06	-0,63	0,49	2,52	-0,50	-1,91	-3,00	-0,53	-2,05	1,82	6,47	4,65	-0,17	5,72	-1,71	1,70	-2,25	-0,52	1,29	-4,72	-3,59	0,68	3,46	2,93	5,31	-0,06	-0,52	-6,67	-5,71	0,97	-1,69	-1,69	1,21	-5,52	-1,99	-3,20	0,70	1,63	-0,85	1,97	2,53	3,77	4,31	1,16	3,94	0,12	1,41	5,00	1,28	1,47	0,82	0,20	1,24	5,34	-0,07	0,15	-0,17	1,95	0,53	2,78	4,66	3,65	-0,05	1,05	-1,35	2,07	0,37	0,21	1,78	-5,36	-5,33	0,00	-0,13	2,98	2,73	-0,01	-0,18	-4,96	-7,73	-0,14	-3,65	-2,32	0,57	-2,87	-0,11	-2,77	0,09	0,84	0,39	-0,09	2,32	-2,26	0,72	1,15	3,21	3,25	3,86	7,13	0,29	-0,93	2,15	0,52	0,54	3,58	-1,60	-2,35	-4,36	-1,81	-3,15	1,88	3,66	0,43	-1,68	1,85	-1,78	2,29	-0,99	0,13	1,78	-4,66	-2,01	0,47	-2,17	2,56	4,29	0,84	-0,34	-6,39	-5,71	-1,78	-1,35	-1,67	0,42	-5,84	0,97	-1,00	-0,87	-1,29	-1,02	-1,27	1,46	-1,72	2,92	3,22	3,76	3,34	2,97	4,47	-1,39	-1,84	-0,48	-0,90	-0,87	2,81	-0,50	-2,72	-2,90	-2,06	-2,64	4,87	3,09	1,90	1,53	0,45	-2,69	0,46	-0,66	-0,56	2,26	-4,42	-5,06	0,01	0,17	4,90	5,44	0,62	0,32	-5,53	-6,02	-1,44	-0,40	-1,02	-1,94	-3,20	-1,83	0,20	0,73	1,77	0,95	-1,89	4,93	0,06	4,35	0,16	2,71	2,29	1,74	3,15	-1,00	-1,10	1,37	-0,16	0,83	2,92	1,57	-0,71	-0,64	0,17	-2,65	2,30	3,96	0,73	-1,30	0,18	-0,15	3,72	3,83	0,91	4,63	-2,73	-3,89	0,15	1,63	0,01	4,10	0,43	0,28	-5,79	-5,21	-1,45	-2,03	-0,24	0,27	-5,21	0,38	-3,76	0,22	-0,22	-0,07	-2,34	2,04	2,16	3,76	1,04	2,75	0,94	1,79	4,11	0,49	-0,33	2,85	1,32	2,33	3,73	-2,46	-1,36	-1,82	-0,65	-0,79	2,29	2,64	1,33	-1,42	2,07	-0,24	4,55	0,15	-0,01	-1,43	-4,62	-4,08	-2,63	-1,57	3,61	2,59	-0,48	0,09	-3,82	-6,97	-1,87	-2,36	-3,02	-2,52	-6,04	0,67	-1,53	0,65	2,58	-1,99	1,13	5,41	-0,00	2,19	-1,18	3,29	2,71	2,30	3,46	-0,32	1,00	2,71	1,17	1,90	4,84	-2,07	-2,41	-2,13	-1,44	0,49	-1,05	2,12	2,06	0,01	2,06	0,58	2,74	2,37	0,68	-3,15	-6,93	-3,93	-1,06	-0,77	2,28	3,14	2,42	2,23	-5,39	-4,91	1,91	-2,69	-3,96	0,84	-1,95	-1,97	-2,33	-0,84	-0,28	0,51	-1,95	4,40	2,21	3,81	-0,19	2,17	1,55	1,24	3,42	1,76	2,94	3,95	1,19	2,19	-0,33	0,49	-1,63	-1,49	-0,12	-0,48	2,37	3,46	3,06	0,12	2,62	-1,93	0,96	-2,81	-2,11	0,37	-3,37	-3,72	-0,54	1,25	5,28	6,13	1,16	1,16	-5,43	-5,93	-2,34	-3,85	-3,37	-0,41	-6,14	-0,19	-3,93	0,29	2,38	0,92	-0,70	3,09	1,38	2,77	2,24	4,61	2,78	3,06	3,35	-1,30	-1,30	0,94	-1,48	-0,65	3,53	-1,56	-2,33	-4,06	-1,65	-2,19	2,00	5,00	-1,32	-0,13	3,70	-0,07	-0,25	-0,88	-0,42	0,83	-3,38	-4,11	-1,09	1,14	1,09	3,70	-0,28	0,34	-6,79	-7,35	-0,19	-0,54	0,00	2,27	-5,14	0,99	-5,98	-1,03	1,58	0,76	-1,85	1,82	1,61	4,71	0,90	0,80	3,54	1,68	4,01	-1,08	-0,91	-0,92	-1,92	-0,21	4,06	-1,26	-3,39	-3,05	-3,14	-3,83	0,75	1,03	1,30	0,06	4,36	-2,81	-0,06	0,45	2,08	2,83	-3,09	-4,81	0,46	0,13	2,68	7,74	0,41	0,62	-7,33	-6,84	-0,53	-1,89	-1,72	-0,23	-4,12	-0,09	-3,41	-2,33	0,04	0,13	0,31	4,51	1,10	3,01	0,04	2,95	3,64	1,39	2,69	-1,09	-1,42	0,75	-1,59	-0,11	4,27	-1,56	-3,29	-3,80	-2,49	-1,94	5,23	4,39	2,69	-1,18	2,42	-1,81	0,20	-1,46	-1,30	0,39	-5,76	-4,81	-0,40	-0,30	2,67	6,39	0,80	0,11	-7,11	-6,78	1,32	-0,38	0,86	4,39	-3,53	-0,74	-4,01	0,15	2,26	1,58	-2,09	4,28	1,31	2,29	1,18	5,47	2,24	2,65	6,86	-1,11	-1,30	0,14	-1,54	-0,38	4,14	-1,27	-3,02	-1,53	-1,92	-3,69	1,66	5,14	3,08	1,19	2,86	-1,34	4,12	3,41	3,42	1,63	-4,52	-3,34	0,72	0,18	3,32	5,27	1,12	1,18	-5,61	-6,92	-0,49	0,15	-1,42	0,14	-5,83	-1,94	-3,13	-1,76	3,06	0,84	-1,48	3,43	4,15	2,11	0,47	3,40	3,56	2,46	4,42	-1,69	-1,56	0,89	-1,04	0,39	3,68	-0,72	-2,93	-3,27	-2,63	-3,77	2,56	2,02	-0,14	-1,67	4,27	-1,48	5,61	-0,90	-0,47	0,12	-5,73	-2,62	1,42	-0,16	3,40	4,44	-0,06	-0,20	-6,18	-7,54	-1,22	-2,51	-2,73	-0,26	-5,36	-3,42	-4,00	1,66	-0,30	-0,68	4,57	4,57	4,66	4,85	0,59	2,20	4,33	2,07	5,22	-0,01	-1,30	0,11	-1,37	-0,37	4,06	1,63	-1,76	-1,15	-2,15	-3,14	1,03	2,82	0,90	-1,12	1,44	0,38	0,49	-3,77	-1,73	4,13	-4,77	-5,09	-1,20	-1,51	1,89	5,39	3,07	2,26	-6,76	-4,83	-1,15	-1,94	-2,43	0,52	-5,51	0,32	-3,74	1,08	1,37	1,58	-1,86	3,06	4,19	4,05	-0,84	3,43	4,86	2,68	4,57	-1,67	-1,31	0,47	-0,83	-0,56	5,04	-0,84	-2,76	-4,35	-1,98	-1,92	3,20	1,97	3,66	1,32	0,23	-2,19	3,30	-0,79	-0,97	1,23	-4,55	-4,01	0,30	0,73	4,23	3,82	0,30	-1,26	-6,64	-5,15	0,89	-0,28	-3,89	1,77	-1,60	-1,51	-3,10	0,02	1,76	-0,08	0,50	4,23	3,37	4,17	1,66	2,10	0,41	-0,37	3,58	1,51	1,29	2,76	0,65	1,74	5,15	2,55	-0,38	-1,29	2,40	-2,16	0,20	6,60	5,08	1,02	4,13	1,66	5,30	4,18	3,96	3,83	-4,49	-5,40	0,97	1,84	2,11	3,47	1,37	1,00	-5,89	-8,35	1,76	-3,01	-3,63	1,10	-2,81	-1,94	-0,57	1,19	1,64	-0,87	-1,70	3,46	3,43	5,14	0,64	3,07	3,26	4,71	7,79	-0,01	-0,11
2,00	3,87	4,75	4,16	7,51	5,87	2,88	5,15	3,22	5,22	7,20	1,40	3,25	4,27	7,67	0,38	0,66	3,16	12,78	2,24	4,37	1,29	-1,73	2,33	1,43	3,21	4,56	8,57	7,13	0,31	3,58	-3,25	3,77	2,32	2,37	6,51	-0,76	-2,30	-5,78	4,69	-0,69	-3,04	-4,21	-0,94	-0,32	-1,54	1,90	-0,95	2,00	2,07	-0,81	1,14	0,98	2,18	2,59	2,87	-1,45	3,78	2,98	5,80	1,73	0,25	1,99	2,66	4,97	-3,02	2,31	2,77	9,16	0,48	0,97	-3,28	-2,95	3,01	-2,86	-0,47	4,06	2,73	1,57	-3,45	3,31	-4,18	-3,72	-2,34	-1,45	4,49	-2,35	-5,19	-3,83	3,16	0,45	-2,30	-4,30	-0,23	1,18	-3,49	-0,01	-3,20	2,03	3,68	1,71	3,60	1,54	-0,55	1,69	2,80	-0,86	3,01	-0,27	4,85	1,25	1,07	4,09	3,28	5,74	0,83	1,35	1,22	4,85	-0,58	-1,06	0,48	-1,18	2,06	-2,21	-1,01	0,79	-1,14	-2,04	-4,16	-1,06	-6,33	-4,29	-5,54	-5,02	3,44	-2,90	-2,88	-5,42	4,57	-2,12	-2,94	-5,56	-1,00	1,92	-0,66	1,46	-1,68	3,49	1,99	0,56	0,71	1,05	1,73	4,21	3,42	0,30	5,74	0,28	-0,40	1,11	0,57	4,22	-0,80	4,97	0,27	-0,17	1,49	5,41	2,09	3,21	1,22	-3,94	0,60	-2,39	0,25	2,51	2,79	2,24	-3,56	-3,56	-1,46	-0,04	-5,90	-3,79	2,59	-2,59	-2,37	-5,54	2,71	0,81	-0,27	-4,67	0,24	0,28	-4,41	0,22	-1,66	3,13	4,29	0,06	-0,56	1,29	0,47	3,43	3,54	-0,75	2,50	1,89	4,47	1,72	0,33	-0,19	-2,46	2,89	-4,17	0,77	-0,85	4,72	0,52	1,71	-0,71	-5,87	2,43	-2,95	-0,54	1,49	-0,65	-0,17	-4,54	0,03	-4,25	-2,31	-3,20	-3,42	5,47	-1,11	-1,76	-5,12	3,08	-1,37	-3,99	-5,60	-3,05	-1,28	-2,58	1,19	-1,79	4,05	2,86	1,00	1,64	1,47	1,27	4,19	5,12	-1,61	2,07	-0,38	4,27	2,01	1,16	3,54	0,83	4,16	-1,60	-1,11	-0,56	7,44	0,67	0,77	0,47	-4,13	0,37	-3,40	-1,08	1,54	-1,68	-3,17	-3,71	1,11	-6,43	-4,10	-5,66	-6,07	4,65	-2,20	-2,90	-6,49	1,20	-1,66	-0,40	-4,21	0,79	3,15	-0,85	-1,50	-3,72	1,96	2,51	1,97	0,73	1,31	1,83	2,14	1,96	-3,50	4,72	2,00	3,78	0,66	0,30	3,56	-0,04	4,77	-1,87	-0,93	2,02	6,15	-0,35	-0,15	-1,28	-4,37	-0,08	-4,49	-2,23	0,27	2,41	-0,28	-5,42	-0,52	-7,47	-4,74	-3,71	-5,24	4,18	-1,68	-1,84	-6,41	2,88	-1,08	-1,34	-1,65	-2,36	-0,55	-1,16	0,18	-2,49	2,86	3,10	2,22	0,77	0,36	1,82	4,52	4,41	0,39	4,63	1,97	3,26	-0,43	-0,27	4,64	1,71	2,57	-0,51	0,26	2,73	4,01	0,70	-1,55	-1,90	-2,50	1,40	-3,07	-0,46	0,75	0,12	-0,86	-3,74	-1,24	-2,21	0,14	-4,73	-4,17	0,78	-2,82	-3,16	-4,94	2,60	-1,96	0,62	-4,33	-0,38	0,08	-2,04	1,09	-2,09	2,66	2,67	1,98	1,80	-0,49	0,09	1,34	3,14	-2,29	3,55	0,53	4,76	-0,71	-0,31	-0,24	-0,97	3,16	-2,49	-0,22	1,07	5,94	0,72	1,40	0,17	-4,17	-2,73	-4,16	-1,47	1,31	0,02	-1,45	-5,62	0,08	-1,89	-5,81	-4,76	-3,74	2,42	-4,00	-5,08	-6,01	3,45	-2,43	-0,81	-2,55	-0,73	0,95	-2,46	-0,69	-4,53	-0,26	2,65	0,36	1,31	0,59	-1,52	1,53	3,87	-2,54	1,60	-0,17	2,41	0,67	-0,48	0,77	0,39	3,80	-4,15	2,81	2,02	6,51	-0,39	0,46	-3,40	-4,75	-1,73	-3,76	-0,65	3,54	1,17	0,52	-4,00	-2,17	-6,97	-5,84	-4,66	-4,36	2,22	-1,80	-3,26	-6,24	1,72	-0,96	-1,81	0,24	-0,80	-0,18	-2,10	-0,81	-4,31	1,58	3,30	-0,01	1,80	-0,66	-0,40	2,67	4,88	-0,27	2,44	0,70	4,67	1,18	-0,01	1,88	-0,60	7,42	-1,35	0,42	1,06	9,90	-1,63	-3,22	-3,79	-6,47	1,26	-2,45	-2,30	1,60	-0,05	-1,76	-4,58	2,09	-6,10	-4,19	-1,21	-0,45	7,88	1,17	-2,08	-1,05	3,02	-2,50	-1,61	-4,34	-3,67	0,11	-2,05	0,01	-2,39	2,24	3,10	0,97	-0,23	1,50	1,38	5,94	2,72	-1,03	2,07	-0,38	3,58	0,59	1,03	1,96	-0,41	5,34	-1,00	1,32	-0,42	6,01	1,25	0,70	-0,19	-5,48	1,23	-0,35	-1,02	3,55	1,48	-1,22	-4,65	1,41	-6,38	-4,80	-4,01	-2,17	3,14	1,03	-2,20	-5,46	2,70	0,47	-1,02	-4,29	-2,85	-1,07	-2,41	-1,07	-3,63	2,57	3,41	1,36	0,01	2,67	0,18	2,35	3,62	-1,74	1,77	0,14	5,11	2,34	1,23	3,41	-2,31	5,73	-1,54	-0,31	2,36	5,76	-0,61	1,08	-2,27	-2,98	1,00	-2,58	-0,60	1,87	1,67	-1,52	-3,00	-0,33	-5,72	-2,28	-4,61	-5,54	7,22	-1,97	-0,55	-4,90	2,44	-1,13	-1,50	-2,70	-0,54	-0,24	-2,57	-0,78	-3,47	3,56	3,51	-0,53	0,98	1,90	-0,71	4,01	6,56	-1,76	3,27	1,53	2,37	1,82	0,23	1,73	-0,46	2,58	-0,85	1,10	1,65	6,22	0,55	0,67	2,40	-3,24	1,48	-2,18	-0,09	0,32	0,91	-0,21	-3,63	-0,94	-5,05	-0,35	-5,97	-4,24	6,64	-1,88	-3,30	-6,37	0,85	-0,06	-2,64	-4,15	-1,59	1,45	-2,17	0,30	-3,19	2,52	5,76	0,95	0,55	2,64	0,84	1,08	4,14	-2,48	2,11	0,31	3,80	-0,02	1,93	0,72	1,01	4,72	-0,57	-0,09	1,99	3,46	-0,95	-1,03	-2,49	-4,31	2,30	-3,21	-1,55	2,21	0,84	0,53	-5,40	-0,01	-7,30	-4,65	-4,84	-3,75	1,59	-2,10	-1,77	-6,69	2,51	-0,11	-2,07	-4,17	-0,54	0,75	-0,74	2,34	-0,87	3,75	4,16	0,12	0,16	0,31	1,25	2,83	2,93	-2,41	3,14	0,88	3,38	-2,51	-2,75	-0,65	-1,18	4,50	-1,59	-2,95	-0,09	5,61	-0,36	-1,89	0,72	-3,53	0,82	-2,37	0,52	2,99	2,37	0,38	-4,48	-2,77	-7,12	-2,40	-3,92	-2,69	4,67	-2,65	-5,75	-6,04	1,68	-2,55	-0,36	-1,45	-1,50	0,43	-2,25	-0,38	-1,00	2,62	2,87	1,46	0,30	1,93	-0,34	2,67	5,33	0,11	3,14	0,16	3,90	-0,36	-1,25	-0,03	2,07	2,40	-1,41	1,15	1,95	8,99	2,42	-1,83	-1,23	-5,56	-1,86	-2,77	0,32	2,46	0,04	-1,17	-4,50	1,28	-7,06	-4,17	-4,88	-3,72	6,08	-0,64	-3,55	-6,13	2,74	-2,70	-1,88	-4,26	1,53	0,97	-1,94	-1,76	-3,08	1,92	3,13	2,57	1,11	-0,61	1,11	3,66	6,34	-1,35	1,37	-1,02	2,36	0,98	0,26	2,62	0,25	4,44	-2,54	1,50	2,10	0,98	-2,54	-0,40	-3,65	-5,27	-2,33	-3,68	-0,93	1,32	1,20	-1,21	-6,17	1,29	-6,95	-3,38	-5,01	-2,64	4,55	0,59	-2,33	-5,85	2,16	-1,38	2,30	-3,83	-1,18	5,88	-0,51	1,63	-2,10	2,62	1,94	0,03	0,48	1,35	0,86	4,10	4,37	0,21	3,59	1,07	4,19	1,49	-0,06	1,58	-0,63	4,59	-1,72	0,85	0,44	4,82	-0,66	-2,44	-2,63	-4,77	0,54	-2,51	1,58	4,38	0,35	-1,06	-1,69	-0,45	-6,45	-3,75	-2,94	-2,81	6,52	-3,43	-3,96	-6,19	1,46	-2,22	-1,52	-3,43	2,83	3,68	-1,74	0,19	-3,87	3,00	2,88	-0,47	0,14	1,61	2,11	1,44	2,36	-0,32	4,24	0,02	0,48	1,10	-1,98	3,11	4,53	7,94	-1,78	0,24	-0,35	8,25	5,99	5,12	1,62	-5,32	-1,90	-1,58	0,21	3,47	2,57	0,56	-3,72	-0,51	-6,16	-1,66	-3,58	-5,84	2,33	-0,40	-2,25	-4,84	2,32	-0,72	2,51	-0,67	1,93	3,15	-1,24	0,20	0,50	5,87	6,76	2,71	3,06	3,28
3,00	5,64	6,13	6,48	4,29	8,06	3,86	4,02	2,76	2,81	4,21	2,23	9,78	3,29	0,81	-0,93	-1,88	2,63	0,56	-1,63	4,79	2,35	7,73	5,38	1,71	1,31	-1,99	-0,58	-1,20	-1,32	5,89	5,62	0,33	2,14	-5,53	-4,64	0,01	-4,39	-5,61	-1,82	1,36	1,75	-2,20	3,70	0,36	-0,22	0,21	3,92	-0,13	-1,06	-0,57	1,93	2,26	1,59	0,21	-1,22	3,87	1,79	0,79	4,09	1,95	-1,23	4,16	1,44	1,43	-2,07	-1,89	0,42	-4,17	-3,34	2,77	1,25	0,34	2,24	-0,96	-4,60	-5,85	-6,61	-0,39	0,54	1,03	-0,82	-2,77	-0,31	-8,58	-8,54	-4,33	-6,15	-5,47	-2,44	-1,13	1,95	-3,55	-0,60	-2,99	-1,45	-0,26	1,61	2,16	0,89	0,26	2,33	0,87	1,88	1,62	0,11	2,50	0,18	-0,24	-0,38	0,13	0,40	3,65	2,07	0,79	-2,69	1,20	0,91	-2,69	-2,91	3,29	-0,75	2,27	1,15	-2,07	-4,56	-7,41	-6,71	-0,71	-1,50	1,69	2,89	-2,07	-0,08	-8,80	-8,51	-6,20	-6,97	-7,43	-4,43	-5,01	0,61	-2,03	-1,08	-2,11	1,25	0,12	1,28	0,95	-1,40	0,48	1,78	3,10	2,71	0,91	1,45	3,87	1,65	-1,00	0,27	-1,21	0,09	3,15	1,71	1,07	-0,04	0,95	-0,13	-4,49	-2,91	3,50	-0,03	3,41	5,12	-1,18	-6,00	-3,65	-6,94	-0,38	-2,79	2,49	4,80	-2,75	-2,26	-6,51	-6,16	-4,80	-5,63	-5,07	-3,39	0,44	2,26	-1,57	1,02	-0,63	-1,01	-2,01	2,22	-0,16	-1,95	1,02	3,53	3,08	4,62	3,58	3,11	1,59	1,48	0,97	1,08	0,61	-1,95	3,12	-1,32	0,93	-3,22	0,86	-0,23	-4,18	-3,40	0,77	0,51	6,76	3,95	0,10	-3,91	-6,74	-7,04	-1,87	-0,99	0,52	0,13	-5,07	-0,93	-6,49	-7,81	-6,12	-7,54	-5,32	-1,80	-1,32	-0,63	-3,01	-1,87	-0,94	-0,13	1,01	2,55	1,97	-1,31	1,32	0,79	1,08	2,09	-0,78	0,60	0,46	0,18	1,14	-0,39	-0,47	1,13	4,22	0,62	0,43	-2,81	-2,30	1,21	-2,62	-5,45	0,85	-0,59	1,68	2,94	-1,72	-5,66	-5,48	-6,53	-3,85	-5,71	-2,61	1,79	-2,57	-1,67	-8,96	-8,50	-4,78	-8,04	-6,15	-1,04	-3,05	2,36	-4,83	-0,00	0,95	-0,57	-0,58	0,20	0,32	-1,11	1,64	1,56	1,19	1,56	1,19	0,49	1,68	1,55	-0,38	0,15	0,57	-2,49	1,43	-1,54	1,59	-2,26	-2,33	-0,72	-1,59	-1,46	1,72	-1,07	2,11	2,48	-0,29	-4,82	-5,05	-7,84	-3,05	-0,56	1,25	4,80	-0,05	-0,03	-9,25	-9,22	-6,33	-8,58	-6,88	-1,19	-3,04	0,72	-4,89	-1,87	-1,77	0,29	1,51	3,10	0,86	-0,20	1,97	2,65	1,52	1,80	1,73	1,27	3,05	1,90	-1,62	2,34	4,48	-2,39	1,71	0,10	-0,78	-3,43	-2,23	0,59	-3,53	-3,51	1,82	-1,76	1,94	2,18	-2,20	-5,22	-5,92	-4,51	0,03	-2,31	2,04	4,00	0,31	-0,03	-8,05	-7,58	-5,06	-8,33	-8,32	-2,29	-3,75	2,50	-1,00	0,33	0,36	-1,57	0,24	1,26	0,48	-0,78	3,08	1,93	2,31	1,17	-1,63	-1,67	2,45	1,31	2,35	0,71	-2,09	-2,76	2,37	-1,48	1,02	-1,41	-4,98	-0,73	-3,73	-3,53	3,08	-0,40	1,10	1,12	-2,51	-5,49	-6,49	-6,30	0,06	-1,17	1,96	2,35	-3,33	-1,04	-6,82	-7,07	-6,29	-8,32	-7,78	-1,62	-2,97	0,74	-4,03	-1,09	0,76	-1,03	0,93	2,10	2,14	-0,68	1,52	0,30	1,02	1,11	-0,42	0,03	1,85	-0,09	2,05	-1,49	0,85	0,01	3,46	-0,75	-0,93	-2,89	-1,83	0,11	-4,09	-2,68	2,14	-1,11	0,32	0,46	-3,10	-5,91	-8,00	-4,02	-0,92	-3,08	-1,21	0,38	-2,13	-0,80	-8,13	-8,36	-2,81	-8,22	-5,35	0,44	-3,05	1,44	-4,81	-0,91	-0,90	0,35	1,59	2,28	-0,96	-1,18	1,83	0,87	1,03	1,32	0,14	1,22	3,10	-1,06	-0,40	-0,24	-1,67	-1,74	1,93	-1,64	-0,45	-2,32	-1,20	-2,98	-4,41	-2,21	2,77	-1,65	2,53	1,44	-1,38	-5,03	-3,56	-7,27	-4,04	-3,12	5,08	4,44	-1,55	-1,17	-8,47	-6,51	-2,44	-6,19	-4,93	-3,63	-2,34	0,59	-1,14	-1,22	2,32	-1,21	-0,86	2,73	-0,24	-2,11	-0,05	3,45	4,82	1,50	-0,97	2,62	0,59	1,09	0,47	0,31	-1,42	-2,32	3,06	-1,34	0,69	-4,83	-2,39	-2,24	-4,81	-3,44	1,66	1,04	1,68	2,59	-1,50	-4,45	-2,85	-5,74	0,13	-2,03	2,98	2,85	-3,11	-2,70	-9,49	-9,04	-4,99	-6,58	-4,93	-2,18	-4,39	1,51	-3,41	-1,66	-1,43	-0,02	0,14	1,93	2,39	0,43	4,41	1,06	1,39	1,94	-0,31	1,99	3,13	-0,95	0,33	1,05	1,83	-2,74	2,61	2,25	0,74	-1,97	-1,51	-0,54	-3,89	-3,93	-1,04	-1,33	-0,03	-1,16	-2,78	-2,51	-8,37	-8,15	-2,06	-0,52	2,95	0,85	-3,19	0,15	-6,71	-6,63	-4,60	-7,77	-4,42	-2,39	-3,90	0,53	-2,22	-1,12	-2,38	-0,48	0,32	2,57	1,75	-0,50	2,40	1,92	2,51	0,68	-1,26	-0,42	2,21	2,21	0,78	0,81	-0,25	-1,50	3,21	-1,94	-2,58	-3,43	-2,48	0,21	-1,92	-2,27	4,98	2,79	4,39	1,13	0,08	-1,18	-4,41	-4,55	-2,55	-4,50	0,25	5,40	-0,50	1,50	-7,83	-7,88	-3,97	-7,04	-5,71	-2,81	-1,63	1,00	-3,47	-2,96	-1,33	0,06	-0,44	2,30	3,40	1,14	2,62	3,06	-0,85	1,17	-1,58	0,02	1,43	0,67	-0,44	0,13	0,60	-0,88	2,37	2,87	0,99	-0,88	-3,04	-0,64	-5,38	-3,80	2,05	-1,49	2,81	3,64	-1,44	-7,13	-6,34	-7,45	-0,26	0,99	1,87	1,89	-2,61	-0,59	-2,20	-6,11	-4,54	-6,99	-5,97	-1,22	-2,13	0,18	-1,14	-1,66	-0,29	-0,58	-0,05	2,64	0,83	-0,36	0,94	-1,18	0,81	0,74	0,05	2,06	0,91	1,73	1,39	0,22	-3,14	-2,63	2,57	-1,95	-0,70	-2,31	-2,61	-0,15	-2,19	-3,92	3,11	-1,42	4,05	4,41	1,26	-5,26	-5,38	-7,36	-1,64	-2,53	0,68	1,84	-3,60	2,81	-8,14	-8,26	-6,06	-7,99	-7,58	-1,47	-3,43	1,51	-4,01	-1,31	-0,07	-0,93	0,12	0,70	-0,27	-1,04	0,90	3,76	1,87	1,11	-0,43	2,60	3,71	1,78	0,19	-0,03	0,19	-2,59	1,01	0,66	0,62	-2,21	-2,55	1,11	-4,09	-1,07	0,35	0,11	2,67	3,00	-0,94	-4,99	-7,04	-7,52	-3,46	-3,08	1,13	3,78	-0,50	-0,11	-7,02	-7,33	-5,54	-6,86	-6,47	-2,11	-2,09	2,05	-3,65	-1,48	0,41	1,03	-0,35	1,99	0,59	-0,19	2,64	2,61	2,17	3,55	-1,20	-0,46	3,24	1,27	-0,57	-2,03	-1,21	-2,37	2,62	0,55	1,63	-1,97	0,63	-0,13	-5,16	-3,98	3,91	0,19	2,79	3,19	-1,69	-5,44	-8,39	-6,97	0,55	0,20	2,10	3,52	-4,15	0,91	-5,04	-6,13	-4,71	-6,51	-4,99	-2,64	-2,82	-0,25	-2,71	-0,34	-0,60	-2,01	0,48	1,12	1,11	0,32	1,91	1,98	0,86	2,15	-0,68	3,34	3,44	1,32	0,29	2,01	3,11	-1,70	3,07	-0,40	0,23	-3,65	-2,23	-0,50	-3,65	-4,68	3,34	-0,27	1,59	3,80	1,58	-6,94	-7,86	-8,31	-0,61	-3,25	3,09	2,95	-0,66	2,33	-5,75	-6,74	-4,59	-6,60	-6,88	-0,92	-4,19	3,08	-1,32	-2,53	-1,01	-1,68	2,21	-0,04	3,18	0,57	0,61	2,24	-0,08	1,20	-0,30	1,83	3,11	-0,70	2,50	1,82	-0,72	-3,07	4,68	4,01	1,76	-1,58	-3,67	-0,82	-1,52	-2,16	5,75	0,16	1,74	4,60	0,95	-6,05	-4,87	-8,02	1,72	-4,48	-0,01	2,92	-2,95	-0,71	-5,77	-6,40	-3,07	-6,12	-5,55	-2,56	3,30	3,25	-2,23	1,28	0,10	0,15	1,70	3,59	4,25	3,30	6,98	4,90	2,37
4,00	4,96	8,40	10,31	4,43	5,96	1,85	1,01	5,88	2,55	-0,14	2,86	2,54	10,36	7,64	1,55	9,22	8,22	4,58	0,36	1,49	9,22	0,01	-0,93	-1,53	-1,74	4,09	2,00	2,94	4,52	0,49	-2,10	2,64	-3,41	-4,30	-0,21	0,82	0,46	0,62	0,42	5,60	6,47	0,56	-1,86	-2,17	0,84	3,25	0,64	4,89	4,49	6,24	2,82	0,15	8,41	6,19	4,44	0,57	3,67	2,33	2,18	3,37	0,81	1,93	4,94	0,56	0,94	3,14	4,93	5,06	-1,22	2,49	0,23	-4,44	-2,06	-2,76	-2,28	1,99	-0,17	-1,78	-6,88	-4,91	-4,45	2,27	-1,14	-3,45	1,47	2,55	-0,89	-2,07	2,29	4,32	-0,53	-1,95	-1,88	-3,18	1,17	-0,58	1,92	0,01	2,45	1,23	1,96	-2,08	8,65	3,16	5,15	1,48	0,43	2,62	1,15	-0,20	0,26	2,99	4,93	1,75	-1,27	5,43	4,49	2,18	-0,51	3,50	4,61	-4,01	-2,86	-2,96	-2,67	-1,29	-0,50	-5,31	-6,42	-7,10	-5,75	4,96	-2,28	-4,53	-0,87	1,67	3,52	-2,24	1,40	4,17	-0,32	-1,63	-1,83	-2,65	1,71	-0,00	0,96	2,34	1,17	5,17	0,83	3,07	6,09	2,57	2,46	-0,25	3,45	2,05	-0,11	-1,53	1,42	3,04	4,37	2,56	2,05	4,54	4,42	4,86	0,06	-1,01	0,24	-5,23	-0,74	-3,06	-2,39	1,44	-0,42	-4,64	-5,26	-4,18	-6,33	0,36	-1,60	-5,22	-1,42	1,03	-0,79	-0,19	1,26	5,86	-0,27	0,74	-1,19	-0,95	1,59	0,89	-0,89	-0,53	0,68	5,06	1,27	2,34	2,52	4,01	4,81	2,08	1,11	2,79	-0,73	-0,58	-0,15	-0,55	2,39	0,04	1,34	5,21	5,21	4,67	-0,11	-0,29	0,31	-3,88	-0,51	-0,85	-2,31	0,99	-0,82	-3,71	-5,08	-5,31	-6,74	-3,57	-3,45	-6,13	0,28	2,18	4,64	-2,04	0,49	-1,00	-2,01	-2,85	-3,00	-2,70	0,29	0,72	0,24	4,68	3,84	3,72	1,61	-0,30	8,14	3,30	5,19	3,00	3,03	2,49	1,06	-0,43	1,00	3,78	5,13	1,62	6,59	6,02	3,84	4,75	0,79	-1,08	1,43	-4,90	-4,11	-1,92	-3,20	0,33	-0,38	-5,25	-6,32	-6,76	-8,36	-0,45	-5,06	-4,93	1,78	-0,33	0,45	-2,58	4,14	1,81	1,08	-1,26	-2,07	-1,41	0,35	0,75	-0,96	4,43	2,67	2,80	1,47	-1,03	6,17	2,66	1,81	0,04	1,02	2,57	-0,33	-2,09	2,73	2,44	5,98	3,06	3,16	3,52	5,94	4,87	-1,27	-1,97	0,12	-3,82	-0,84	-1,61	-3,25	1,65	-0,84	-3,63	-5,97	-5,56	-5,50	-0,04	-4,08	-0,59	1,80	-0,39	-2,29	-2,23	1,20	3,11	-0,80	-0,59	-3,01	-3,47	-0,05	-0,22	0,90	4,34	1,53	5,52	-1,10	1,82	4,13	1,08	1,83	2,90	1,68	0,64	0,46	1,02	0,85	2,12	4,02	-1,78	0,17	4,61	4,23	5,21	-2,40	-1,87	2,50	-3,38	-0,66	-1,80	-0,24	1,27	-0,54	-5,70	-4,21	-4,09	-4,06	0,23	-4,83	-2,47	1,65	0,82	2,40	-0,49	-0,72	3,64	3,73	-1,21	-3,16	-2,93	-2,45	-1,12	-2,19	1,58	3,27	4,36	2,17	-0,34	4,75	3,25	3,99	-0,76	3,58	1,58	-0,92	1,24	1,39	1,19	5,19	0,41	0,12	6,22	4,45	6,28	-2,53	-2,45	2,42	-4,58	-2,83	-3,94	-4,02	2,37	1,64	-6,30	-5,67	-5,95	-8,36	-2,00	-3,10	-5,44	-2,67	-0,40	0,18	-3,31	0,99	4,68	-0,47	-0,34	-1,96	-0,40	-0,75	2,72	0,33	4,17	3,26	5,15	2,14	1,31	5,18	2,15	4,27	1,34	2,94	0,32	-0,12	-0,64	1,43	-2,18	6,15	3,04	-0,76	3,53	3,66	1,90	-1,91	0,18	0,33	-4,82	-1,54	-2,01	-4,47	1,60	-0,16	-3,70	-5,47	-4,81	-6,41	-1,76	-4,41	-4,48	5,47	-0,70	-0,25	0,22	1,39	2,27	1,03	-0,07	-2,76	-2,33	-0,18	0,27	1,18	2,73	2,91	4,14	-0,27	-1,39	4,78	4,06	4,76	0,18	3,71	1,36	0,44	-0,55	0,74	2,06	4,43	1,09	-0,52	0,46	6,51	2,57	-2,53	-1,70	-0,56	-5,57	-4,31	-3,06	-2,30	1,16	1,36	-5,85	-4,96	-4,39	-4,27	1,15	-2,84	-3,29	0,44	1,42	1,62	-5,73	-0,49	3,02	-2,42	-0,36	-2,71	-0,74	2,05	0,22	1,60	0,93	3,99	2,60	1,34	1,68	5,62	0,04	1,01	-0,18	0,12	1,41	-1,49	-2,44	-0,47	-0,16	3,83	2,19	0,12	2,92	6,84	3,04	-2,66	-0,47	0,69	-3,49	-2,26	0,15	-1,80	2,49	1,55	-6,56	-7,12	-4,72	-5,91	-1,03	-4,26	-0,42	1,75	0,48	1,44	-1,84	0,11	4,86	-0,26	-1,91	-2,56	-2,69	0,24	-0,81	1,02	2,74	3,94	3,69	1,65	0,69	5,50	2,64	5,45	1,59	-0,55	0,99	1,07	-1,38	-0,28	1,64	4,96	3,70	-0,53	5,21	4,52	3,61	-1,64	1,16	5,08	-0,76	-1,77	-2,12	-0,87	0,78	-0,45	-5,08	-4,25	-6,84	-8,00	0,81	-1,24	-3,77	3,10	2,07	1,54	-0,02	2,11	5,49	-0,48	-0,81	-2,77	-2,45	2,44	-0,03	-0,37	2,71	2,19	6,20	2,24	0,38	2,67	2,16	2,50	0,44	-0,04	1,32	-0,30	-0,48	0,57	1,66	3,20	3,12	-2,08	4,16	3,31	2,99	0,12	-0,46	2,70	-1,77	-0,88	-0,01	-0,87	1,16	-1,24	-2,32	-4,13	-5,35	-4,65	-0,19	-2,82	-4,63	0,68	-0,00	1,73	-5,36	0,82	2,43	0,62	-0,83	-2,60	-2,24	3,14	0,03	0,89	3,42	4,92	4,93	3,16	-1,89	4,82	0,72	2,80	2,02	0,39	-0,07	0,86	-1,16	2,10	0,91	4,61	3,02	1,23	3,74	5,01	5,19	-1,77	-0,44	2,91	-3,91	-3,39	-1,00	-5,49	0,90	-4,44	-5,04	-6,97	-7,35	-6,22	-1,99	-0,91	0,89	1,99	4,90	1,71	-3,37	2,31	2,61	1,02	-2,01	-2,68	-3,36	0,37	1,06	1,07	3,35	3,06	3,13	0,37	-0,24	5,79	2,25	2,90	1,89	-2,62	4,05	-0,55	-1,94	1,29	-0,15	0,44	3,70	-0,99	-0,07	3,83	4,70	-1,43	0,48	3,73	-2,70	-1,46	-1,65	-4,38	-0,08	-3,08	-5,57	-7,21	-6,13	-6,04	2,98	-2,55	-4,01	-0,12	-0,99	2,74	-1,84	1,89	3,53	-2,02	-1,46	-2,34	-1,80	-0,06	0,24	0,14	0,91	3,75	3,80	1,66	2,23	6,42	4,60	3,31	1,58	2,44	1,93	-0,85	-1,77	-0,54	2,43	7,23	1,99	0,57	1,41	3,63	2,71	-0,90	-2,70	-0,24	-3,09	0,05	-1,66	-0,65	2,83	-0,79	-3,94	-5,64	-5,69	-7,27	2,34	-2,80	-2,45	1,41	2,13	2,08	3,89	3,87	4,77	0,06	-1,67	-3,83	-2,08	-0,95	-1,44	0,46	3,48	4,59	4,24	-0,17	-1,60	5,49	2,18	2,84	-0,45	2,11	1,29	-1,92	-1,58	1,29	4,83	4,72	4,95	-3,39	5,62	5,97	2,35	-2,45	-0,29	2,09	-3,87	-2,01	-1,93	-1,41	-0,90	0,30	-7,16	-4,94	-5,78	-8,23	0,74	-3,48	-1,71	0,82	0,13	0,16	-2,81	0,86	0,22	-2,27	-1,13	-1,37	-3,27	1,01	-0,34	2,32	4,17	4,53	5,05	2,52	1,50	5,37	0,32	2,99	0,94	1,03	3,86	2,88	-0,67	1,06	3,61	7,96	0,17	0,89	3,07	5,36	2,46	-1,76	-1,27	5,42	-3,54	-2,50	-2,48	-2,73	1,02	-3,69	-4,95	-5,57	-5,81	-7,55	1,49	-2,32	-4,03	1,08	2,35	1,12	-0,99	1,14	2,41	1,78	-1,03	-3,24	-1,51	2,45	2,82	-0,55	2,28	1,74	3,87	-0,66	-1,34	5,79	2,26	3,25	0,40	-1,31	2,31	0,18	-1,55	-0,73	2,59	6,83	3,12	0,93	4,17	4,31	3,57	0,51	-0,43	4,83	-0,79	1,38	3,23	-0,52	1,85	0,98	-3,76	-6,01	-5,76	-5,65	0,67	-2,02	-2,25	1,08	3,94	2,30	-3,14	4,16	2,66	-0,28	-0,98	-2,73	-2,26	4,24	0,23	0,24	6,03	4,79	6,17	6,28	0,15
"x-axis"

