"Map measures:"	"U-50"	"dB"	" 1 kHz"
"Bkg noise:"	28,0	"dB"
"Project:"	"project"
"Creator:"	"CATT-Acoustic v9.1b (build 1.03) / TUCT v1.1b:2.02"
"Date/Time:"	"2018-06-05 21:00:14"
"Air abs.:"	"on"
"Interference:"	"off"
"Adapt rays:"	"off"
"No of rays:"	500	"Diffraction: "	"off"
"Ech. length:"	1000	"ms"

"Layer:"	1	"of"	1	"Nx:"	9	"Ny:"	1002
	-0,50	0,50	1,50	2,50	3,50	4,50	5,50	6,50	7,50	8,50	9,50	10,50	11,50	12,50	13,50	14,50	15,50	16,50	17,50	18,50	19,50	20,50	21,50	22,50	23,50	24,50	25,50	26,50	27,50	28,50	29,50	30,50	31,50	32,50	33,50	34,50	35,50	36,50	37,50	38,50	39,50	40,50	41,50	42,50	43,50	44,50	45,50	46,50	47,50	48,50	49,50	50,50	51,50	52,50	53,50	54,50	55,50	56,50	57,50	58,50	59,50	60,50	61,50	62,50	63,50	64,50	65,50	66,50	67,50	68,50	69,50	70,50	71,50	72,50	73,50	74,50	75,50	76,50	77,50	78,50	79,50	80,50	81,50	82,50	83,50	84,50	85,50	86,50	87,50	88,50	89,50	90,50	91,50	92,50	93,50	94,50	95,50	96,50	97,50	98,50	99,50	100,50	101,50	102,50	103,50	104,50	105,50	106,50	107,50	108,50	109,50	110,50	111,50	112,50	113,50	114,50	115,50	116,50	117,50	118,50	119,50	120,50	121,50	122,50	123,50	124,50	125,50	126,50	127,50	128,50	129,50	130,50	131,50	132,50	133,50	134,50	135,50	136,50	137,50	138,50	139,50	140,50	141,50	142,50	143,50	144,50	145,50	146,50	147,50	148,50	149,50	150,50	151,50	152,50	153,50	154,50	155,50	156,50	157,50	158,50	159,50	160,50	161,50	162,50	163,50	164,50	165,50	166,50	167,50	168,50	169,50	170,50	171,50	172,50	173,50	174,50	175,50	176,50	177,50	178,50	179,50	180,50	181,50	182,50	183,50	184,50	185,50	186,50	187,50	188,50	189,50	190,50	191,50	192,50	193,50	194,50	195,50	196,50	197,50	198,50	199,50	200,50	201,50	202,50	203,50	204,50	205,50	206,50	207,50	208,50	209,50	210,50	211,50	212,50	213,50	214,50	215,50	216,50	217,50	218,50	219,50	220,50	221,50	222,50	223,50	224,50	225,50	226,50	227,50	228,50	229,50	230,50	231,50	232,50	233,50	234,50	235,50	236,50	237,50	238,50	239,50	240,50	241,50	242,50	243,50	244,50	245,50	246,50	247,50	248,50	249,50	250,50	251,50	252,50	253,50	254,50	255,50	256,50	257,50	258,50	259,50	260,50	261,50	262,50	263,50	264,50	265,50	266,50	267,50	268,50	269,50	270,50	271,50	272,50	273,50	274,50	275,50	276,50	277,50	278,50	279,50	280,50	281,50	282,50	283,50	284,50	285,50	286,50	287,50	288,50	289,50	290,50	291,50	292,50	293,50	294,50	295,50	296,50	297,50	298,50	299,50	300,50	301,50	302,50	303,50	304,50	305,50	306,50	307,50	308,50	309,50	310,50	311,50	312,50	313,50	314,50	315,50	316,50	317,50	318,50	319,50	320,50	321,50	322,50	323,50	324,50	325,50	326,50	327,50	328,50	329,50	330,50	331,50	332,50	333,50	334,50	335,50	336,50	337,50	338,50	339,50	340,50	341,50	342,50	343,50	344,50	345,50	346,50	347,50	348,50	349,50	350,50	351,50	352,50	353,50	354,50	355,50	356,50	357,50	358,50	359,50	360,50	361,50	362,50	363,50	364,50	365,50	366,50	367,50	368,50	369,50	370,50	371,50	372,50	373,50	374,50	375,50	376,50	377,50	378,50	379,50	380,50	381,50	382,50	383,50	384,50	385,50	386,50	387,50	388,50	389,50	390,50	391,50	392,50	393,50	394,50	395,50	396,50	397,50	398,50	399,50	400,50	401,50	402,50	403,50	404,50	405,50	406,50	407,50	408,50	409,50	410,50	411,50	412,50	413,50	414,50	415,50	416,50	417,50	418,50	419,50	420,50	421,50	422,50	423,50	424,50	425,50	426,50	427,50	428,50	429,50	430,50	431,50	432,50	433,50	434,50	435,50	436,50	437,50	438,50	439,50	440,50	441,50	442,50	443,50	444,50	445,50	446,50	447,50	448,50	449,50	450,50	451,50	452,50	453,50	454,50	455,50	456,50	457,50	458,50	459,50	460,50	461,50	462,50	463,50	464,50	465,50	466,50	467,50	468,50	469,50	470,50	471,50	472,50	473,50	474,50	475,50	476,50	477,50	478,50	479,50	480,50	481,50	482,50	483,50	484,50	485,50	486,50	487,50	488,50	489,50	490,50	491,50	492,50	493,50	494,50	495,50	496,50	497,50	498,50	499,50	500,50	501,50	502,50	503,50	504,50	505,50	506,50	507,50	508,50	509,50	510,50	511,50	512,50	513,50	514,50	515,50	516,50	517,50	518,50	519,50	520,50	521,50	522,50	523,50	524,50	525,50	526,50	527,50	528,50	529,50	530,50	531,50	532,50	533,50	534,50	535,50	536,50	537,50	538,50	539,50	540,50	541,50	542,50	543,50	544,50	545,50	546,50	547,50	548,50	549,50	550,50	551,50	552,50	553,50	554,50	555,50	556,50	557,50	558,50	559,50	560,50	561,50	562,50	563,50	564,50	565,50	566,50	567,50	568,50	569,50	570,50	571,50	572,50	573,50	574,50	575,50	576,50	577,50	578,50	579,50	580,50	581,50	582,50	583,50	584,50	585,50	586,50	587,50	588,50	589,50	590,50	591,50	592,50	593,50	594,50	595,50	596,50	597,50	598,50	599,50	600,50	601,50	602,50	603,50	604,50	605,50	606,50	607,50	608,50	609,50	610,50	611,50	612,50	613,50	614,50	615,50	616,50	617,50	618,50	619,50	620,50	621,50	622,50	623,50	624,50	625,50	626,50	627,50	628,50	629,50	630,50	631,50	632,50	633,50	634,50	635,50	636,50	637,50	638,50	639,50	640,50	641,50	642,50	643,50	644,50	645,50	646,50	647,50	648,50	649,50	650,50	651,50	652,50	653,50	654,50	655,50	656,50	657,50	658,50	659,50	660,50	661,50	662,50	663,50	664,50	665,50	666,50	667,50	668,50	669,50	670,50	671,50	672,50	673,50	674,50	675,50	676,50	677,50	678,50	679,50	680,50	681,50	682,50	683,50	684,50	685,50	686,50	687,50	688,50	689,50	690,50	691,50	692,50	693,50	694,50	695,50	696,50	697,50	698,50	699,50	700,50	701,50	702,50	703,50	704,50	705,50	706,50	707,50	708,50	709,50	710,50	711,50	712,50	713,50	714,50	715,50	716,50	717,50	718,50	719,50	720,50	721,50	722,50	723,50	724,50	725,50	726,50	727,50	728,50	729,50	730,50	731,50	732,50	733,50	734,50	735,50	736,50	737,50	738,50	739,50	740,50	741,50	742,50	743,50	744,50	745,50	746,50	747,50	748,50	749,50	750,50	751,50	752,50	753,50	754,50	755,50	756,50	757,50	758,50	759,50	760,50	761,50	762,50	763,50	764,50	765,50	766,50	767,50	768,50	769,50	770,50	771,50	772,50	773,50	774,50	775,50	776,50	777,50	778,50	779,50	780,50	781,50	782,50	783,50	784,50	785,50	786,50	787,50	788,50	789,50	790,50	791,50	792,50	793,50	794,50	795,50	796,50	797,50	798,50	799,50	800,50	801,50	802,50	803,50	804,50	805,50	806,50	807,50	808,50	809,50	810,50	811,50	812,50	813,50	814,50	815,50	816,50	817,50	818,50	819,50	820,50	821,50	822,50	823,50	824,50	825,50	826,50	827,50	828,50	829,50	830,50	831,50	832,50	833,50	834,50	835,50	836,50	837,50	838,50	839,50	840,50	841,50	842,50	843,50	844,50	845,50	846,50	847,50	848,50	849,50	850,50	851,50	852,50	853,50	854,50	855,50	856,50	857,50	858,50	859,50	860,50	861,50	862,50	863,50	864,50	865,50	866,50	867,50	868,50	869,50	870,50	871,50	872,50	873,50	874,50	875,50	876,50	877,50	878,50	879,50	880,50	881,50	882,50	883,50	884,50	885,50	886,50	887,50	888,50	889,50	890,50	891,50	892,50	893,50	894,50	895,50	896,50	897,50	898,50	899,50	900,50	901,50	902,50	903,50	904,50	905,50	906,50	907,50	908,50	909,50	910,50	911,50	912,50	913,50	914,50	915,50	916,50	917,50	918,50	919,50	920,50	921,50	922,50	923,50	924,50	925,50	926,50	927,50	928,50	929,50	930,50	931,50	932,50	933,50	934,50	935,50	936,50	937,50	938,50	939,50	940,50	941,50	942,50	943,50	944,50	945,50	946,50	947,50	948,50	949,50	950,50	951,50	952,50	953,50	954,50	955,50	956,50	957,50	958,50	959,50	960,50	961,50	962,50	963,50	964,50	965,50	966,50	967,50	968,50	969,50	970,50	971,50	972,50	973,50	974,50	975,50	976,50	977,50	978,50	979,50	980,50	981,50	982,50	983,50	984,50	985,50	986,50	987,50	988,50	989,50	990,50	991,50	992,50	993,50	994,50	995,50	996,50	997,50	998,50	999,50	1000,50	"y-axis"
-4,00	3,67	-7,41	4,26	-1,91	4,53	5,85	5,34	18,27	4,10	4,10	5,14	10,24	17,79	12,22	12,57	12,39	11,67	14,90	11,29	9,58	9,50	9,13	6,44	12,56	4,84	13,97	2,27	10,20	8,39	6,43	2,48	16,78	-1,15	5,28	12,95	-5,60	-12,68	-9,97	-10,77	-5,20	-10,61	-10,67	-8,15	-13,96	-5,91	-5,38	-5,42	-2,30	-7,80	-3,82	-2,15	-2,40	-0,35	3,12	0,93	-0,99	-0,41	-0,13	-1,93	3,78	4,39	1,18	6,89	3,19	2,38	7,74	7,70	7,73	4,24	7,13	6,18	5,52	2,15	2,79	0,93	5,32	3,46	-5,70	-8,54	-8,52	-8,54	4,13	0,85	-0,25	-5,27	-7,07	-16,17	-13,39	-9,33	-6,95	-11,88	-9,59	-7,73	-15,00	-7,01	-9,77	-5,97	-5,32	-4,96	-2,36	-3,95	-3,03	-0,12	-0,04	-0,56	-0,26	-1,00	-2,36	0,98	1,67	2,32	2,53	4,07	0,14	0,85	9,15	3,77	1,20	0,72	-0,40	6,53	0,58	3,71	4,43	0,26	4,91	0,70	-8,79	-11,42	-0,48	2,64	3,25	0,06	-2,34	-5,63	-5,61	-13,59	-15,97	-8,59	-12,81	-12,97	-7,52	-6,89	-13,64	-7,62	-8,41	-1,85	-5,41	-4,80	-5,39	-3,71	-3,01	-0,41	-2,42	0,17	-0,42	-0,22	3,06	1,01	1,84	4,00	3,06	3,68	3,44	-0,80	6,24	4,45	3,24	-0,02	0,52	5,64	3,87	3,54	2,18	2,34	7,82	3,03	-5,41	-9,97	-9,97	-9,02	0,82	0,01	-0,26	0,09	-11,82	-15,24	-17,06	-10,40	-6,53	-7,43	-11,19	-10,63	-13,47	-5,94	-6,76	-6,60	-6,59	-9,65	-4,56	-3,15	-2,89	-3,54	-5,44	-3,86	-4,37	-4,00	-3,03	0,77	2,12	3,44	-1,41	-1,54	0,60	-3,44	4,70	4,40	3,22	-1,04	-0,86	5,35	3,22	3,71	4,98	0,09	4,78	-0,80	-5,62	-8,75	-8,83	-8,67	1,69	-0,20	0,26	1,90	-9,17	-4,17	-4,20	-12,94	-8,11	-8,62	-13,56	-13,56	-13,23	-7,10	-10,25	-6,48	-6,70	-7,83	-11,16	-9,23	-6,65	-9,90	-8,62	-4,85	-3,41	-0,60	-4,55	-0,95	-2,66	2,19	1,77	4,67	-0,25	1,16	4,08	4,98	2,73	-0,10	-0,16	4,38	8,71	2,94	2,04	1,57	7,01	3,09	4,77	1,54	0,61	3,12	2,12	0,79	-0,96	1,35	-14,23	-18,96	-21,39	-16,02	-8,22	-9,38	-14,26	-13,81	-13,70	-10,42	-7,72	-7,64	-5,85	-7,51	-3,53	-5,90	1,10	-1,38	-2,66	-0,80	-0,95	1,01	-8,83	-8,59	2,41	2,62	0,59	1,40	0,30	0,48	4,81	6,22	6,92	3,04	3,26	2,86	1,56	2,62	0,79	1,10	6,60	-0,18	-5,82	-8,73	-8,62	-8,60	2,36	0,55	3,32	-0,37	-11,84	-17,33	-20,98	-16,37	-12,48	-13,96	-14,83	-11,08	-11,03	-10,84	-8,84	-6,33	-4,72	-3,74	-3,81	-3,47	-3,60	-4,62	-6,19	-3,48	-3,73	-3,74	-2,70	0,54	1,11	3,00	-3,41	-4,37	-2,59	1,07	-1,45	3,83	4,22	-1,44	-0,52	4,73	2,08	-1,58	-0,51	1,53	6,03	-1,68	-9,41	-8,94	-8,97	-8,55	3,93	-1,01	0,72	1,11	-10,92	-17,09	-20,20	-15,92	-7,96	-12,86	-14,39	-13,83	-13,77	-6,98	-9,50	-13,90	-3,91	-5,45	-2,94	-3,78	2,57	-6,24	-6,23	-3,87	-4,99	-1,99	-1,41	0,91	2,67	3,36	-0,21	0,90	2,07	0,59	1,38	4,16	4,27	-0,62	-1,09	2,52	4,30	1,34	2,93	1,66	6,99	0,50	-5,82	-8,66	-8,44	-8,88	1,67	-1,80	1,77	2,99	-13,21	-18,27	-20,59	-16,57	-12,03	-7,31	-18,32	-15,42	-14,03	-5,39	-5,81	-7,55	-7,65	-6,72	-4,44	-4,33	0,22	0,46	-1,99	-4,48	-5,41	-2,32	-0,82	-2,40	1,38	2,30	-2,92	-2,65	1,19	1,76	4,23	4,40	0,87	-2,27	1,00	2,43	4,04	0,80	-1,67	-3,41	5,96	0,31	-5,92	-8,95	-8,87	-8,88	3,18	-4,94	-6,39	-1,72	-9,05	-16,07	-19,08	-16,04	-4,76	-12,34	-14,34	-12,75	-13,74	-9,28	-8,61	-8,05	-6,58	-5,65	-7,70	-1,23	-4,64	-3,96	-3,81	-1,21	-4,04	-4,90	-2,76	0,75	-0,06	0,88	0,71	1,54	-1,04	-0,32	4,34	-0,66	4,17	-0,68	-1,33	5,75	7,98	2,97	2,32	3,43	7,50	-0,18	-5,85	-9,18	-8,66	-8,38	2,20	-0,77	-3,34	-3,69	-13,11	-17,85	-18,97	-18,64	-8,16	-13,08	-15,04	-11,13	-10,74	-7,55	-9,21	-7,28	-5,82	-12,21	-7,23	-6,13	-4,49	-4,45	-4,21	-3,20	-3,72	-3,57	-1,40	4,74	1,01	2,17	-1,79	0,55	-3,99	0,60	5,96	4,78	0,58	-4,39	-4,22	2,26	2,99	2,18	4,00	0,87	6,12	-1,59	-6,19	-9,19	-8,70	-8,52	0,57	-1,61	-2,16	-1,04	-14,17	-16,38	-21,43	-16,70	-9,19	-12,37	-14,52	-13,47	-9,63	-6,26	-9,21	-9,95	-7,62	-13,29	-10,73	-1,31	-3,09	-5,40	-5,15	-5,25	-5,07	-6,07	-4,28	1,10	1,34	3,19	3,36	3,23	0,07	1,97	5,80	5,33	-6,77	-6,96	-0,62	5,96	3,60	2,78	1,90	1,03	5,10	-1,12	-5,72	-8,91	-8,82	-4,77	7,07	0,44	-1,34	-0,18	-11,68	-15,45	-18,35	-9,04	-9,06	-12,98	-9,89	-9,81	-11,52	-9,20	-11,31	-7,62	-6,97	-4,75	-3,58	-4,96	-3,20	-5,20	-3,84	-3,57	-4,00	-3,74	-0,15	0,82	2,94	0,28	1,17	-2,83	-0,01	1,76	5,46	6,37	5,45	1,24	2,33	3,79	2,75	3,82	2,10	1,04	5,43	-0,15	-8,85	-9,21	-8,59	-8,75	-0,17	-1,33	1,04	0,94	-13,35	-16,23	-18,17	-11,67	-9,52	-14,71	-9,88	-8,60	-11,39	-6,15	-11,98	-6,60	-6,64	-7,74	-4,43	-7,72	-1,62	-1,93	-3,38	-0,94	-1,65	-1,98	-0,34	0,21	2,11	0,76	-1,23	2,40	1,41	1,88	4,46	1,50	-0,30	-0,89	-0,28	3,81	0,38	-0,56	4,74	1,87	6,59	6,31	0,43	1,02	3,23	0,30	0,13	0,07	1,59	-1,89	-14,35	-17,35	-20,23	-15,95	-6,92	-11,86	-13,42	-16,83	-14,47	-7,72	-9,16	-10,12	-7,42	-6,17	-0,48	0,54	-4,57	-1,45	-0,13	-0,34	-1,41	-2,13	-0,77	0,23	-0,43	-0,33	0,80	3,10	4,83	2,64	5,88	9,98	6,37	3,06	3,70	4,38	3,27	3,30	4,62	4,27	7,23	-1,14	-5,82	-8,99	-8,46	-9,46	1,98	-1,57	-0,48	1,62	-13,22	-18,62	-20,65	-15,86	-6,85	-12,10	-15,07	-13,47	-13,67	-11,39	-9,60	-7,11	-3,87	-4,56	-5,60	-5,61	-6,21	-3,65	-4,64	-5,03	-3,22	-4,01	-3,36	-0,27	1,98	3,19	-3,59	1,48	-0,34	2,13	4,53	5,96	6,92	2,78	0,03	3,59	1,43	3,30	1,51	0,91	3,23	-1,00	2,39	1,18	1,33	1,24	-2,30	0,43	-0,54	1,03	-13,36	-15,96	-10,30	-9,08	-9,41	-15,07	-14,95	-13,67	-13,09	-5,15	-5,79	-3,14	-8,24	-8,23	-3,46	-4,53	-2,51	-1,59	-0,28	-1,17	-0,51	-0,91	1,17	0,82	-0,65	1,73	2,25	2,07	-2,20	2,56	4,06	6,90	3,18	2,60	2,42	2,89	4,14	2,88	4,80	3,17	1,77	-1,04	-2,30	-4,38	-1,02	1,99	-3,72	0,13	-3,20	-1,76	-14,91	-18,99	-20,42	-16,09	-6,62	-12,36	-16,40	-15,42	-14,81	-8,43	-9,12	-8,22	-4,73	-4,79	-5,98	-5,15	-5,45	-4,18	-4,79	-3,21	-2,78	-3,37	-3,45	-0,42	1,83	2,86	1,44	7,05	-0,18	-0,56	2,72	7,03	7,16	3,48	2,31	4,72	-0,93	2,27	1,87	0,82	5,64	0,11	-5,65	-9,02	-8,50	-8,60	1,79	-0,66	2,01	0,28	-12,60	-15,90	-17,30	-11,61	-8,89	-13,34	-13,93	-9,19	-10,60	-7,67	-9,39	-8,66	-4,66	-6,45	-6,91	-5,68	-0,50	-4,35	-4,58	0,17	-4,26	-3,32	-3,12	0,61	1,21	2,99	0,05	7,02	1,23	-1,72	5,59	1,80	-0,36	-0,44	-0,48	2,56	2,22	-1,79	2,32	1,88	6,33	-2,76	2,00	-2,60	-0,54	-1,41	1,16	-0,54	-1,52	-0,41	-7,64	-17,58	-18,02	-15,75	-11,20	-12,98	-13,44	-12,08	-13,14	-6,16	-8,56	-7,52	-5,53	-5,54	-4,34	-1,79	-2,69
-3,00	9,75	-8,71	-3,64	-1,49	2,89	6,34	5,15	16,72	10,54	6,66	4,22	11,81	5,92	11,26	1,80	10,62	12,76	5,98	7,04	9,25	4,06	5,02	7,33	11,07	2,28	6,44	6,69	5,95	-1,54	1,95	3,31	0,73	-2,38	-7,12	-8,79	-11,60	-16,03	-11,14	-13,31	-6,07	-6,95	-10,92	-5,86	-5,35	-5,95	-10,27	-6,63	-4,41	-7,47	-7,33	-1,91	-0,72	-0,33	4,41	1,16	-2,06	-0,63	4,19	4,70	5,53	1,95	1,93	3,80	2,88	7,24	4,72	5,06	2,75	4,77	6,79	3,72	7,83	6,51	-0,34	-8,07	-8,38	-8,38	4,19	3,02	5,15	3,19	-0,16	-0,31	-6,42	-6,58	-12,96	-14,18	-12,42	-13,21	-11,64	-5,49	-10,38	-5,45	-4,14	-8,83	-6,50	-5,30	-2,51	-5,71	-7,54	-6,01	-2,71	-1,25	0,34	-1,38	-1,63	-2,31	-0,62	3,26	5,28	-1,71	0,59	3,63	3,68	3,19	3,60	4,01	5,92	3,22	6,09	1,17	4,46	5,66	3,58	-8,74	-8,04	-8,51	-2,30	-9,46	-1,39	-0,13	-1,07	0,72	-9,75	-9,51	-14,89	-20,95	-20,62	-19,06	-12,18	-10,35	-10,08	-12,28	-7,96	-7,20	-0,82	-4,59	-4,39	-7,28	-6,86	-7,08	-1,60	0,07	-3,14	0,63	0,56	0,66	0,53	4,04	4,63	2,28	5,10	2,58	-0,06	-0,28	3,00	4,01	1,89	2,68	4,94	-1,24	3,36	2,77	0,61	-7,86	-8,72	-7,24	-3,37	-8,34	-0,12	-0,54	-0,32	0,05	-9,75	-9,97	-19,96	-19,91	-19,55	-18,98	-13,16	-7,84	-10,18	-6,06	-7,57	-8,34	-6,52	-6,56	-8,91	-4,22	-3,58	-1,95	-2,53	0,77	-0,67	-0,90	-2,59	-2,68	-2,27	2,67	3,71	-2,43	-1,89	-1,56	-2,36	-5,76	-6,42	-3,64	-4,60	-4,88	-3,55	0,49	4,88	5,07	2,62	-7,01	-7,88	-8,43	-1,37	-4,75	-2,13	1,11	1,11	2,46	-5,57	-6,98	-11,17	-12,37	-12,56	-11,05	-8,19	-8,60	-7,93	-7,69	-13,59	-7,69	-8,47	-6,80	-4,46	-2,45	-11,09	-9,13	-8,90	-8,09	-6,71	-2,52	-2,66	-0,61	-0,10	-1,30	-2,84	-2,37	0,34	-2,00	-1,62	-1,66	-5,09	-4,25	-5,66	-1,49	-5,36	-6,64	1,05	5,17	3,19	1,62	2,57	-1,63	1,11	3,19	1,60	0,52	-0,27	0,83	-9,53	-10,10	-19,78	-21,29	-18,22	-12,76	-12,31	-11,16	-12,91	-3,65	-5,35	-6,27	-8,57	-7,70	-5,96	-2,86	-4,32	-2,65	3,01	-1,23	-0,94	-1,02	-0,32	-0,09	-9,22	-7,02	2,91	-0,86	0,77	3,10	4,75	-5,11	-7,94	-6,63	-7,87	-8,34	-7,29	-6,71	1,20	-0,19	2,48	-8,16	-6,45	-6,87	-0,57	-4,76	-0,85	4,63	0,69	-0,56	-9,82	-9,72	-19,53	-20,98	-20,28	-19,47	-15,15	-4,12	-3,23	-9,13	-7,81	-10,25	-6,66	-3,64	-5,28	-4,88	1,60	-3,37	-2,44	-4,70	-2,44	1,94	1,13	1,45	3,12	2,44	0,52	-1,49	0,42	3,05	3,75	-2,02	-4,53	3,41	2,66	-1,14	-0,14	-2,66	-2,00	6,76	2,95	-8,11	-8,04	-8,80	-1,07	2,34	-3,27	-1,50	-0,44	2,26	-6,72	-6,82	-8,49	-16,69	-16,18	-9,30	-9,58	-7,08	-9,72	-8,51	-4,48	-7,06	-7,20	-5,57	-13,33	-8,38	-7,79	-2,94	-9,39	-2,78	0,49	-0,07	-1,92	-2,79	1,20	3,87	4,10	3,04	4,00	-2,17	-0,59	-0,81	-6,09	-4,42	-6,01	-6,23	-6,43	-6,51	1,61	2,27	0,34	-8,11	-7,86	-8,39	-0,64	-1,68	-0,96	3,60	0,99	1,76	-8,63	-9,94	-19,74	-21,07	-20,58	-19,34	-12,14	-9,93	-10,38	-10,30	-5,25	-5,36	-7,17	-3,99	-7,13	-5,52	-0,28	-0,31	-4,41	-1,18	-0,96	-1,92	-0,33	-3,07	1,08	0,26	1,06	-1,81	-0,02	-1,26	2,50	2,16	-5,68	-5,18	-6,34	-6,27	-5,37	-7,03	2,20	1,23	-0,90	-9,32	-8,50	-8,32	-1,40	-4,68	-2,27	-0,75	1,04	1,33	-9,27	-7,95	-18,45	-19,95	-19,64	-19,37	-13,70	-7,31	-11,56	-7,96	-8,05	-8,49	-7,41	-5,12	-7,38	-7,25	-7,39	0,89	-1,92	-4,93	-4,87	0,07	-1,15	-3,75	1,58	2,10	0,81	-3,48	-2,32	-0,79	0,08	-6,27	-5,41	-3,41	-4,85	-5,46	-4,52	-0,62	4,77	1,95	0,54	-8,19	-7,70	-8,65	-2,73	-5,50	-1,51	-0,68	6,73	0,72	-7,57	-7,97	-20,00	-20,09	-18,64	-14,05	-11,12	-7,12	-11,64	-5,98	-7,78	-8,58	-9,11	-5,11	-6,28	-6,24	-3,93	-2,93	-4,26	-3,37	-6,18	-1,98	-1,01	-0,27	2,40	2,77	3,16	-3,34	-1,56	-6,22	-6,59	-2,64	-0,94	-0,21	0,30	0,54	-1,03	-0,96	0,63	6,24	1,88	-8,10	-6,07	-8,56	-1,32	-1,52	-0,31	-1,60	-1,95	0,73	-6,97	-6,74	-10,99	-14,63	-14,23	-13,49	-12,10	-5,45	-9,86	-6,63	-7,71	-7,62	-5,26	-3,87	-6,49	-13,98	-11,21	-1,17	-0,71	-3,59	-0,36	-1,67	0,62	-0,95	-3,11	-0,87	1,00	-2,22	-0,02	2,11	1,74	-5,87	-7,96	-2,61	-5,07	-5,79	-3,54	1,65	3,05	1,82	2,73	-7,98	-8,04	-8,46	-1,43	-0,56	-0,98	0,80	-2,10	5,76	-9,82	-9,80	-20,13	-21,80	-20,51	-19,83	-14,33	-11,60	-7,38	-10,60	-11,41	-7,72	-9,88	-4,79	-5,83	-5,98	-3,02	-3,33	0,25	0,66	0,54	0,81	3,72	1,76	0,44	-2,12	2,63	-1,35	0,26	0,42	2,15	-4,80	-5,35	-3,94	-4,96	-3,74	-4,62	1,03	4,94	2,94	1,29	-8,28	-8,17	-8,53	2,42	-4,35	-2,48	-0,44	-1,95	-0,22	-6,98	-7,00	-14,14	-16,26	-13,01	-13,10	-9,96	-9,21	-10,04	-11,14	-8,92	-10,95	-7,53	-6,03	-7,72	-7,93	-4,41	-1,84	-6,29	-3,31	0,66	0,24	-5,09	-3,81	1,85	1,10	1,59	0,73	6,47	0,94	1,55	3,90	-5,68	-4,29	-5,78	-6,58	-5,89	-5,56	2,59	0,80	4,40	3,36	5,89	3,97	-1,34	2,37	2,30	0,56	-1,76	-0,15	-6,94	-6,83	-13,30	-16,63	-16,21	-12,83	-10,46	-7,14	-12,05	-7,81	-6,36	-9,37	-7,44	-4,31	-4,98	-4,72	-7,01	-4,15	-2,63	-2,90	1,70	-0,18	-1,01	-2,86	1,65	-4,21	0,98	0,12	6,74	-2,96	2,30	-5,03	-7,94	-6,53	-7,98	-8,07	-6,87	-6,06	2,89	5,13	2,61	-8,28	-5,61	-8,89	2,52	-0,78	-0,49	-0,34	-1,42	1,39	-7,55	-7,11	-10,73	-17,01	-18,49	-13,13	-14,50	-6,98	-10,17	-8,13	-5,13	-7,45	-7,07	-7,00	-6,17	-8,17	-8,86	-4,27	-3,42	-0,18	-3,86	-6,60	2,54	1,89	2,85	2,02	2,10	-3,61	-0,14	-0,05	-2,55	-3,43	-5,88	-3,94	-5,51	-6,41	-7,19	-6,38	2,23	6,31	3,13	1,24	2,12	2,24	-1,11	0,09	-0,46	-1,17	-0,23	0,39	-9,80	-10,08	-20,20	-20,41	-20,28	-19,39	-12,39	-6,91	-10,33	-11,29	-4,30	-8,78	-7,04	-4,43	-3,63	-8,01	-6,60	-2,92	-2,68	-0,55	-0,04	0,46	-1,45	-2,70	0,99	2,12	4,65	-0,93	0,54	1,96	2,85	2,01	-4,91	-5,26	-6,08	-6,37	-6,77	-6,67	1,19	7,26	3,20	1,72	2,96	3,25	-1,60	-1,59	-3,42	-3,68	-2,51	2,01	-9,71	-9,86	-17,95	-16,86	-19,73	-19,44	-13,45	4,15	-9,98	-6,52	-7,52	-7,28	-8,50	-7,81	-4,49	-7,42	-5,78	-6,28	-5,29	-3,70	-3,52	-1,83	-0,84	-1,43	0,17	-0,24	4,77	-1,91	-2,47	-0,50	-0,31	0,06	-0,72	4,81	0,98	-1,17	0,58	-0,90	-2,51	5,17	1,80	-6,10	-7,75	-8,86	-1,72	-5,81	-2,08	-1,06	-2,27	0,78	-9,76	-9,36	-15,06	-19,27	-20,92	-19,45	-19,73	-12,90	-13,70	-10,59	-5,02	-9,34	-7,65	-5,71	-1,66	-9,69	-8,17	-4,16	0,58	0,50	0,32	-4,68	-4,54	-2,97	0,88	1,53	2,53	-1,51	-3,82	-0,97	-1,47	-3,65	-0,43	5,12	3,22	2,50	-0,38	-0,93	1,87	4,70	6,88	3,03	1,50	4,02	-1,32	-2,56	-1,44	0,16	-0,48	1,84	-7,78	-7,71	-16,06	-16,77	-16,39	-18,90	-10,72	-8,44	-5,90	-4,95	-4,90	-6,16	-9,62	-6,27	-6,20	-8,09	-7,63	-5,16	-1,43
-2,00	1,04	-6,93	-2,48	-2,91	7,67	11,63	12,63	10,30	11,64	8,40	11,83	12,32	11,06	14,53	12,71	10,87	11,14	10,24	9,22	8,33	0,42	2,28	18,30	6,56	1,75	9,72	10,77	10,56	8,01	6,27	5,82	10,49	-1,37	-1,84	-0,85	-8,72	-7,13	-11,18	-4,32	-8,94	-8,83	-9,12	-7,67	-5,61	-9,06	-8,26	-9,77	-3,65	-4,18	-4,20	-0,91	-1,54	-0,01	3,23	5,31	1,64	2,07	5,48	6,29	5,02	4,12	6,69	2,76	-2,49	4,29	-4,46	10,88	8,90	7,68	6,39	8,97	7,61	3,35	5,32	0,93	9,49	0,66	0,17	-3,82	-1,00	-5,98	4,04	1,91	-4,89	-8,94	-9,72	-7,66	-15,23	-6,40	-4,27	-8,43	-11,98	-8,82	-4,88	-3,47	-6,57	-9,94	-5,26	-3,64	-3,16	-1,01	-2,41	-1,24	0,46	1,72	-0,83	2,25	2,09	6,50	-0,55	8,06	5,11	4,91	4,60	5,57	-4,36	5,81	10,75	7,11	4,71	4,62	1,25	6,85	2,87	0,51	1,18	0,41	-0,08	-4,40	5,13	4,59	-1,42	-3,43	-1,23	1,93	-13,37	-6,74	-13,54	-5,61	-12,74	-9,41	-6,87	-9,07	-4,20	-7,45	-1,86	-9,80	-5,29	-2,63	-12,70	-0,05	-2,29	-2,82	-0,54	0,50	-0,20	2,44	2,19	5,77	4,70	-1,62	-0,23	3,58	3,04	2,51	-2,99	2,54	6,44	7,15	2,21	5,55	2,51	-1,91	-1,30	-1,81	-3,49	-2,03	-2,13	-4,60	4,63	3,56	-0,68	2,51	-4,78	-4,69	-9,77	-9,13	-9,78	-6,03	-14,44	-9,15	-11,48	-11,38	-9,58	-5,61	-8,09	-8,09	-3,66	-9,41	-3,14	-2,49	-1,34	0,06	-1,18	0,80	-10,34	-10,09	-5,74	-5,52	-5,82	-4,98	4,24	3,75	7,24	4,09	-5,38	6,50	-0,81	5,82	4,97	5,20	3,22	0,48	-1,50	-1,45	0,33	-1,28	-1,95	-6,79	3,10	1,75	-1,38	-1,13	-7,07	-4,48	-10,18	-8,01	-13,20	-4,43	-12,00	-8,83	-10,00	-8,76	-13,26	-5,59	-8,04	-7,74	-1,96	-5,46	-5,08	-5,03	-11,09	-2,92	1,63	-0,19	-2,39	-3,83	-9,38	-6,22	-8,67	-8,66	-3,64	-4,31	6,11	4,83	-4,55	3,93	6,39	1,11	5,09	3,91	-0,52	4,31	-2,31	1,43	6,45	-4,24	-4,48	-4,09	2,07	1,74	3,57	1,18	2,68	4,08	-16,45	-6,25	-16,59	-8,76	-14,07	-11,21	-10,31	-7,99	-12,61	-9,53	-8,92	-8,64	-1,89	-5,41	-12,71	-4,38	2,12	-0,31	-3,89	3,06	-2,39	-10,16	-8,07	-5,99	-10,46	-8,26	-4,32	4,87	3,43	0,80	-4,39	6,00	10,07	7,44	2,47	3,26	3,71	1,52	1,46	1,93	0,37	-1,32	-1,47	-5,10	2,01	0,51	-0,79	-1,42	-1,28	1,89	-11,96	-9,11	-15,32	-4,37	-13,66	-2,14	-10,07	-13,39	-7,63	-8,44	-6,37	-5,49	0,39	-3,01	-3,51	-4,47	-5,42	-2,11	-1,87	1,61	-0,05	0,34	3,24	4,98	-0,48	1,33	3,28	4,73	7,21	8,06	-2,06	6,23	7,90	6,15	-1,12	2,39	0,49	2,32	1,04	1,08	5,31	0,86	0,79	2,89	3,19	1,33	1,51	-0,88	-5,21	-7,04	-15,41	-8,64	-13,83	-6,94	-13,92	-7,79	-15,53	-6,74	-2,32	-9,44	-8,47	-10,13	-5,60	-4,33	-3,17	-3,56	-12,36	-1,88	-1,29	0,85	-1,66	1,57	-5,34	-5,81	-5,95	-6,21	-2,60	5,13	6,22	4,73	-4,78	2,06	3,93	6,74	3,48	4,34	0,63	2,56	3,83	4,22	6,90	-0,51	-1,48	-4,56	1,53	0,14	-0,34	-1,71	-5,73	-5,84	-13,14	-9,02	-14,98	-8,17	-14,52	-9,47	-7,01	-5,87	-7,46	-9,36	-9,08	-7,19	-3,84	-1,08	-2,74	-4,60	-0,20	0,95	0,46	2,04	-1,62	1,67	-7,08	-3,70	-7,25	-5,78	-4,04	2,72	7,06	3,15	-5,68	1,28	5,15	5,78	4,90	3,64	4,71	1,97	6,14	-3,30	6,35	4,73	4,14	4,30	3,71	2,57	-0,57	-0,54	-5,72	-7,30	-11,14	-11,19	-14,66	-5,43	-13,69	-9,18	-10,47	-9,09	-6,50	-8,71	-8,74	-11,31	-10,76	-5,66	-4,04	-2,11	-3,63	-1,58	-3,78	0,03	-0,84	1,23	-4,81	-2,98	-10,42	-4,99	3,86	2,77	3,51	4,76	7,76	5,26	7,93	4,65	5,68	1,65	2,37	2,53	-1,90	-2,99	-0,63	1,03	-2,22	4,38	3,81	2,72	0,47	4,50	-5,51	-4,65	-12,19	-13,60	-17,19	-5,20	-13,11	-10,25	-13,21	-11,83	-8,83	-9,46	-9,43	-9,51	-2,27	-8,84	-4,62	-4,92	-6,11	-1,20	-0,07	3,47	1,72	-6,55	-4,99	-3,27	-6,40	-4,93	4,29	2,64	6,45	1,01	-5,12	4,36	7,66	5,77	5,00	4,82	3,99	4,21	3,07	4,19	5,75	-0,70	-1,43	-4,57	2,07	2,17	-2,98	-6,22	-1,16	0,83	-14,82	-7,48	-13,41	-5,98	-10,81	-10,69	-13,74	-12,40	-7,86	-8,72	-8,93	-10,27	-7,10	-6,69	-12,16	-11,25	0,19	-2,60	-1,02	1,52	-2,50	-6,49	-3,85	-6,81	-8,61	-9,14	-4,42	2,03	5,94	2,86	-4,50	1,91	4,96	3,01	3,73	2,42	-0,00	0,58	4,86	0,80	4,36	5,50	6,74	3,85	4,33	2,20	-2,98	-1,91	-1,03	1,02	-15,03	-11,98	-15,80	-6,66	-12,56	-6,36	-14,77	-11,33	-7,97	-12,64	-7,67	-8,35	-1,51	-8,51	-3,08	-1,14	0,16	-2,05	-5,79	1,43	2,97	-4,84	-4,92	-3,74	-6,81	-4,76	4,82	3,56	4,69	1,52	-4,77	2,33	2,49	8,14	3,41	4,29	3,23	5,39	6,07	3,54	5,52	-0,33	-0,52	0,28	3,02	1,72	-1,04	-1,18	-6,05	-4,85	-11,15	-9,55	-15,79	-13,75	-11,23	-8,88	-11,76	-6,85	-6,10	-6,64	-7,41	-11,15	-3,07	-3,90	-3,47	-2,24	-5,71	-2,05	0,01	1,49	-2,53	-0,88	-4,55	-3,75	-6,29	-5,98	-4,62	1,21	3,82	4,92	-3,88	3,73	7,46	6,53	3,68	4,82	5,13	4,06	4,18	3,03	4,93	1,54	-0,58	-2,75	4,24	4,09	1,34	-0,09	-6,18	-4,56	-10,58	-9,35	-14,17	-6,53	-14,20	-10,23	-12,26	-12,60	-6,02	-8,05	-8,86	-9,45	-4,40	-1,63	-4,51	-3,04	-4,08	-2,23	-0,63	1,19	-0,17	-5,67	-7,19	-6,12	-8,28	-8,86	-5,65	4,71	4,83	5,84	-4,55	5,10	6,63	3,02	2,57	2,48	0,06	3,28	1,40	1,53	5,40	-1,01	0,01	-4,14	1,90	0,51	-0,71	-2,42	-5,77	-4,52	-9,88	-7,72	-14,16	-6,65	-13,95	-9,55	-12,78	-10,75	-8,28	-8,97	-6,04	-11,38	-3,55	-3,36	-3,42	-2,87	-2,89	-0,50	1,21	-2,79	1,64	3,49	-6,44	-3,69	-6,35	-5,61	-4,72	3,89	5,88	2,35	2,67	2,63	5,41	4,74	2,19	5,43	4,58	-2,55	-2,37	4,02	4,86	4,80	4,12	3,82	0,99	2,88	1,72	1,40	-0,93	-1,73	-10,48	-8,42	-14,07	-3,76	-11,36	-10,51	-10,79	-9,25	-7,39	-5,44	-7,05	-11,35	-4,24	-9,00	-10,02	-7,98	-3,23	-3,23	1,36	0,78	-0,58	2,97	-6,03	-5,07	-6,66	-8,32	-3,88	6,34	7,38	4,05	-4,14	1,19	5,24	3,55	4,66	5,57	0,37	5,57	3,66	6,99	5,86	4,61	-0,36	4,74	-2,90	-1,77	-1,06	-2,52	-5,66	-4,48	-10,80	-8,76	-12,20	-7,80	-13,75	-9,40	-10,71	-9,88	-8,90	-9,50	-5,06	-8,92	-1,90	-5,17	-2,19	-4,45	-4,71	-2,63	-0,18	-5,64	-7,94	-2,90	2,62	6,45	-0,48	2,19	2,89	2,90	5,50	3,23	-5,19	1,08	0,56	5,12	4,66	3,07	0,22	2,90	-1,86	-2,07	1,64	-2,20	-3,09	-5,49	3,49	-0,68	-3,47	-2,21	-5,53	-4,36	-15,83	-9,93	-10,97	-4,20	-11,78	-10,33	-10,12	-10,88	-8,26	-8,37	-7,07	-11,02	-5,86	-4,98	-13,13	-5,58	0,51	-2,19	0,64	0,45	-5,64	-0,50	3,13	4,98	-0,58	3,03	5,70	0,90	2,74	1,59	-4,66	6,39	8,25	3,05	-0,02	4,45	4,91	0,56	1,61	1,84	3,60	3,36	2,63	3,20	4,05	-2,58	-2,18	-1,88	-0,84	2,98	-10,66	-10,56	-14,39	-4,62	-16,03	-7,29	-4,27	-10,33	-8,69	-8,13	-8,31	-11,81	-4,15	-2,59	-2,89	-4,05	-4,09
-1,00	-0,01	7,81	-0,88	-2,88	4,87	-5,25	-5,45	11,43	14,89	4,63	3,09	8,28	11,49	13,44	14,57	11,87	9,05	13,88	8,93	14,07	7,07	6,00	15,77	13,62	8,21	9,82	14,66	15,95	8,82	1,31	-0,53	11,44	-1,04	-0,17	3,26	-15,48	-8,67	-11,61	-7,86	-6,94	-8,26	-9,41	-2,40	-4,05	-5,69	-7,46	-2,84	-11,64	-12,56	-11,39	-11,55	-1,65	3,40	-0,87	2,21	0,79	0,77	6,47	6,31	6,44	7,69	4,44	-4,17	-0,74	5,13	6,00	5,36	7,31	-1,23	-3,46	-3,52	-7,35	-1,82	-1,88	1,04	10,87	12,21	10,46	9,64	4,89	2,19	5,06	-1,19	-6,94	-7,51	-12,81	-10,72	-9,56	-5,10	-9,20	-7,89	-11,36	-6,27	-4,52	-8,41	-5,54	1,60	-11,49	-12,57	-11,19	-11,53	-1,92	-1,48	-1,94	0,83	2,93	2,44	6,16	5,02	5,15	6,08	6,06	5,69	5,98	5,42	7,42	7,34	6,00	-1,80	-3,46	-5,51	-5,94	-2,39	-2,69	1,02	7,34	10,42	11,53	8,40	3,59	3,09	3,75	-1,87	-6,75	-7,65	-20,57	-7,38	-13,43	-11,22	-8,85	-13,37	-11,70	-7,89	-4,95	-4,31	-7,59	-4,90	-11,45	-12,49	-1,11	0,30	0,75	-1,09	0,23	1,49	1,07	1,25	3,36	6,35	2,22	5,44	3,84	2,89	5,01	4,11	6,61	2,32	4,85	-1,29	-3,50	-5,84	-6,89	-5,30	-2,92	0,25	5,15	6,66	3,76	5,83	4,08	3,39	2,29	-1,96	-6,40	-6,19	-15,63	-10,71	-15,68	-8,92	-9,65	-9,34	-10,45	-7,74	-5,09	-6,62	-9,22	-6,08	-11,88	-11,96	-10,90	-11,74	-4,09	-0,17	-2,42	-0,25	0,44	1,39	0,82	3,95	4,50	2,70	3,00	5,76	6,74	5,33	4,79	2,98	3,88	-3,22	-3,71	-5,51	-2,52	-5,76	-3,04	0,62	8,40	9,43	9,88	6,75	0,96	1,99	2,82	2,95	-7,35	-7,39	-21,87	-14,89	-13,01	-10,72	-12,93	-10,92	-11,27	-10,07	-15,74	-4,36	-10,32	-8,15	-11,91	-12,34	-6,24	-11,13	-11,19	-6,16	-0,81	0,12	3,11	0,58	0,25	-0,33	4,95	4,18	3,27	6,35	8,22	4,21	5,70	2,59	8,51	-1,69	-5,15	-5,66	-5,76	-3,89	-3,23	-4,41	0,79	6,23	5,99	6,03	1,60	3,06	3,93	2,45	-5,77	-6,29	-20,10	-10,65	-14,96	-12,86	-7,70	-11,62	-11,65	-5,49	-9,49	-4,96	-5,73	-4,32	-11,74	-10,45	-5,09	-3,83	-2,66	-2,05	-1,24	0,20	-0,15	-9,03	6,49	5,10	-3,74	4,29	0,77	4,03	4,74	4,10	5,10	4,40	5,27	-0,26	-3,68	-5,51	-6,91	-4,34	-3,09	0,67	8,60	2,78	2,90	4,52	-0,65	0,87	3,49	4,21	-6,39	-7,24	-20,60	-10,11	-14,97	-12,62	-4,40	-8,20	-11,20	-7,61	-6,32	-6,62	-8,07	-6,14	-7,20	-12,33	-8,75	-10,08	-2,88	-1,47	-1,73	-1,52	-0,08	0,94	1,35	2,02	3,67	-0,08	-0,09	3,04	3,89	3,70	3,86	5,50	7,30	-1,37	-3,74	-6,70	-6,04	2,52	2,19	4,85	5,66	5,97	3,77	2,51	1,36	3,31	3,66	0,02	-6,97	-6,96	-16,47	-10,34	-12,49	-8,22	-8,80	-8,03	-14,34	-11,34	-4,26	-4,67	-8,82	-4,71	-11,89	-12,49	-11,36	-13,20	-4,44	-3,28	-1,39	-1,57	0,88	-0,77	0,77	2,34	1,62	2,31	2,87	4,02	5,67	-6,24	4,72	4,78	3,44	-3,60	-3,42	-6,04	-6,18	-4,07	-3,84	0,86	7,81	7,26	7,82	7,20	2,89	0,30	1,24	-0,21	-7,39	-8,52	-22,24	-14,43	-12,77	-9,53	-10,31	-8,98	-12,37	-7,46	-5,17	-7,99	-8,68	-4,81	-10,96	-12,61	-10,35	-11,96	-3,66	-1,92	-0,59	-0,65	0,30	2,70	2,74	-0,83	2,21	5,06	4,65	4,65	7,91	5,53	3,03	0,50	-2,54	-3,62	-4,06	-5,85	-5,91	4,93	2,52	0,15	5,21	2,14	5,18	5,41	1,16	2,05	3,68	-1,09	-7,22	-9,28	-21,00	-18,96	-14,32	-9,93	-10,98	-11,13	-10,41	-7,23	-8,75	-5,78	-8,32	-10,51	-11,62	-12,59	-11,24	-11,76	-6,43	-1,71	-1,89	-3,62	-3,36	0,19	6,10	5,23	3,64	4,06	4,80	5,31	3,18	2,69	2,60	2,98	5,07	8,03	4,45	5,38	-1,25	-1,86	0,27	2,61	3,52	-3,55	1,76	4,05	1,03	2,17	2,61	1,49	-6,17	-7,55	-21,84	-16,88	-14,45	-10,28	-9,57	-9,78	-10,91	-11,49	-5,00	-7,15	-8,87	-3,63	-11,61	-12,57	-11,86	-12,54	-3,36	-2,78	-1,84	0,10	0,89	2,54	2,03	3,18	3,80	3,56	3,29	5,52	6,30	-1,45	1,81	2,11	1,76	4,59	7,84	5,34	3,61	-3,01	-2,93	0,32	4,28	8,90	6,16	2,39	0,65	3,02	-3,32	-1,28	-7,81	-7,30	-17,64	-15,51	-18,81	-8,90	-10,88	-8,64	-9,89	-7,32	-5,86	-6,67	-7,71	-5,98	-11,92	-12,77	-11,08	-11,71	-4,61	-0,53	-0,73	0,01	2,77	-2,82	1,31	4,09	3,12	-3,44	2,68	5,45	6,03	4,07	3,44	3,15	1,66	-1,16	-5,81	-5,94	-6,05	2,23	4,98	5,02	0,27	2,17	5,89	10,25	3,43	0,95	2,01	-0,85	-7,27	-7,93	-20,98	-15,00	-14,21	-8,73	-11,45	-12,11	-12,45	-10,34	-5,71	-4,78	-9,09	-4,88	-11,59	-12,43	-10,91	-11,24	-4,68	-1,41	-0,04	0,51	0,79	-0,23	3,04	2,46	1,45	3,10	1,84	5,40	7,57	5,14	6,66	4,31	5,15	-2,38	-4,93	-6,06	-8,15	-2,11	-3,09	0,20	-4,51	-2,88	-2,98	6,70	-4,18	1,86	3,76	-0,42	-6,70	-8,00	-17,38	-14,94	-16,21	-9,28	-9,35	-13,16	-9,35	-9,77	-6,06	-6,39	-9,88	-12,01	-12,39	-10,51	-10,88	-11,72	-6,88	0,77	0,01	1,48	1,78	-0,65	0,49	4,02	4,58	4,39	2,05	3,34	6,85	5,00	3,67	2,56	3,21	-1,28	-3,57	-5,13	-5,78	5,00	1,19	0,87	3,06	10,69	10,66	7,80	4,14	2,58	3,73	0,15	-6,34	-6,80	-20,20	-14,54	-14,45	-10,43	-9,41	-8,07	-10,59	-8,23	-7,12	-9,86	-7,26	-12,66	-11,80	-11,83	-10,88	-11,61	-1,75	-1,79	-1,64	0,82	0,66	2,83	2,21	3,27	3,41	-0,08	1,36	6,15	5,86	2,62	2,01	1,94	4,21	-1,55	-3,69	-5,65	-6,25	-2,39	-2,97	-0,13	6,33	6,22	7,80	8,54	3,90	1,88	0,15	1,15	1,25	-0,39	-19,03	-14,43	-14,19	-7,68	-10,63	-8,27	-10,68	-9,18	-7,24	-4,25	-3,44	-4,92	-3,25	-5,10	-3,88	-4,07	-3,04	0,90	0,18	-4,70	-0,91	0,70	4,29	0,13	3,09	1,94	3,28	6,26	6,67	2,90	2,26	3,61	3,82	5,35	4,92	1,55	0,16	-2,14	2,27	5,46	5,12	9,14	11,52	8,35	2,62	2,24	0,79	-1,97	-6,74	-6,90	-21,04	-13,40	-12,96	-9,76	-4,59	-8,09	-10,50	-7,42	-6,67	-5,64	-6,89	-4,61	-12,28	-12,94	-11,23	-12,12	-4,89	-1,83	-1,75	1,18	1,53	3,76	3,29	3,80	4,09	3,60	3,26	5,00	6,11	6,37	5,32	4,28	4,04	-1,94	-5,24	-5,26	-5,75	1,29	4,98	3,86	6,27	1,14	3,34	3,49	1,38	-6,05	-5,88	-1,22	-7,34	-7,49	-21,92	-14,36	-13,14	-8,76	-8,42	-10,30	-10,18	-7,64	-4,91	-4,84	-8,10	-4,09	-11,42	-11,14	-11,16	-11,85	-4,58	-0,47	-1,18	-0,29	1,33	-6,71	-3,10	3,46	6,20	3,25	3,17	2,31	7,88	4,26	1,48	-3,57	-0,95	-4,00	-4,13	-6,54	-6,98	-7,95	-5,98	0,14	5,88	3,37	6,86	5,35	-0,23	1,32	1,92	-1,39	-6,11	-7,58	-21,87	-18,62	-13,31	-11,93	-9,91	-6,67	-6,23	-10,53	-5,81	-8,61	-13,36	-5,85	-5,27	-13,03	-3,73	-3,49	-2,19	-2,11	-1,29	-1,28	-0,92	-1,89	4,24	5,87	4,67	3,79	4,85	4,89	7,98	2,45	3,50	2,59	4,73	-3,35	-4,13	-5,49	-5,87	5,99	2,80	5,17	4,84	7,58	6,65	8,48	2,98	-1,51	3,67	-0,86	-7,37	-7,93	-18,03	-9,73	-12,84	-10,73	-10,63	-14,10	-7,88	-7,24	-4,55	-5,27	-5,92	-4,42	-10,85	-12,93	-10,82	-11,85	-2,82
0,00	8,07	4,17	-1,58	-0,98	4,52	15,55	18,57	16,73	3,71	9,80	2,06	8,17	9,96	13,97	1,65	6,43	17,46	13,99	14,47	7,91	17,78	2,12	7,47	9,21	14,33	11,72	7,39	11,22	3,89	9,44	7,14	-0,58	7,79	2,84	5,19	-13,90	-10,61	-14,58	-10,62	-12,45	-10,81	-8,88	-7,67	-7,67	-3,36	-5,13	-5,25	-3,76	-2,30	-4,99	-0,89	-4,17	0,21	3,89	-0,25	2,41	3,14	5,35	5,71	4,76	6,04	6,65	5,85	-1,95	-2,41	6,40	10,26	8,30	7,76	6,22	7,04	4,13	-5,40	-2,47	-6,21	-6,44	-7,80	3,99	5,90	5,55	0,66	-4,63	4,97	2,78	-1,51	-13,78	-12,46	-11,82	-11,77	-17,05	-17,41	-10,70	-8,46	-5,18	-7,23	-6,28	-6,00	-6,51	-1,69	-3,25	-2,68	-3,25	-2,41	0,82	1,63	3,22	-7,51	5,00	5,10	4,82	4,79	5,58	6,46	6,36	4,16	7,27	2,56	7,17	5,48	5,63	3,42	3,25	-5,92	-3,93	-3,83	-4,60	-5,41	3,52	0,94	4,34	2,94	3,36	3,87	1,58	-0,07	-12,47	-9,84	-16,06	-14,77	-12,52	-12,43	-12,32	-8,08	-12,16	-10,99	-8,67	-9,04	-4,71	-2,13	-3,12	-2,52	-4,76	-2,68	2,23	0,15	2,46	1,82	3,88	3,69	5,03	4,61	2,61	0,70	6,78	-2,01	6,90	8,46	7,35	6,38	2,57	6,42	3,61	-4,24	-4,86	-4,74	-1,80	-6,59	5,37	1,09	4,68	2,75	1,43	4,02	1,78	4,67	-13,04	-11,61	-9,87	-9,63	-12,07	-9,23	-8,21	-9,41	-7,69	-5,75	-6,29	-4,42	-4,60	-3,11	-4,65	-5,12	-5,87	-3,64	-1,16	-2,87	-1,80	1,37	1,66	1,71	4,74	5,35	4,81	4,51	5,01	2,43	6,19	2,22	6,99	1,87	4,51	3,69	7,08	-6,50	-4,81	-4,62	-6,46	-6,55	3,95	0,84	1,42	-1,96	1,50	1,87	2,52	-3,54	-12,84	-13,56	-14,70	-13,46	-12,47	-11,31	-13,21	-11,31	-10,68	-9,98	-9,59	-10,24	-4,88	-1,60	-2,37	-2,26	-9,83	-6,72	-6,03	-7,04	-0,59	3,24	5,21	-1,15	4,23	4,36	5,68	5,36	6,12	1,00	2,81	1,79	3,86	6,09	4,36	3,02	4,02	-7,58	-4,35	-3,78	-4,53	-6,66	4,98	2,55	2,03	0,53	4,84	2,86	0,68	0,48	-12,73	-14,20	-14,65	-14,91	-12,00	-14,01	-9,75	-11,67	-8,87	-9,54	-10,62	-6,57	-4,33	-1,14	-0,86	-2,08	-2,93	-0,77	-0,87	-2,73	-9,02	0,90	3,01	4,69	4,86	-5,48	5,51	5,43	3,07	5,01	3,48	2,46	4,51	4,45	4,20	4,88	2,89	-6,27	-3,96	-3,23	-4,53	-8,07	1,97	3,91	2,66	0,48	-1,99	-1,76	-4,59	1,37	-14,26	-18,05	-17,77	-4,25	-12,49	-14,87	-13,29	-11,80	-8,58	-5,72	-5,58	-7,06	-5,78	-2,46	-5,34	-3,41	-3,10	-2,91	-0,94	-3,25	-1,52	0,76	1,48	-0,24	0,01	4,40	4,27	4,04	3,16	2,34	5,10	6,15	3,95	3,13	5,67	-0,63	5,30	-6,17	-4,04	-3,05	-1,51	-6,55	1,63	-0,98	1,28	1,86	0,39	0,32	2,64	3,95	-13,61	-13,76	-14,70	-12,41	-12,78	-12,25	-8,29	-8,65	-7,78	-5,60	-7,85	-6,16	-4,79	-3,09	-4,69	-2,55	-4,29	-3,48	-1,99	-4,44	-3,39	1,31	3,53	3,78	4,94	11,13	4,24	2,57	2,12	-3,44	3,89	6,61	6,73	5,32	5,09	5,16	4,30	-5,88	-4,75	-4,49	-6,78	-6,53	1,88	0,60	-0,65	0,73	1,65	-1,11	4,01	-3,97	-14,15	-14,73	-16,04	-14,19	-15,05	-12,99	-13,07	-7,77	-12,38	-8,22	-9,53	-5,87	-4,37	-0,71	-5,63	-4,36	-5,17	-2,13	-0,97	-3,34	-2,14	0,98	-0,37	-0,46	0,91	2,91	1,61	4,13	5,62	5,53	6,21	0,88	6,91	3,12	0,82	4,44	2,81	-6,25	-5,22	-5,73	-5,49	-8,02	-1,00	0,53	0,96	1,61	0,54	1,17	0,70	1,76	-15,25	-17,40	-15,79	-12,69	-12,46	-11,99	-9,49	-14,89	-16,00	-13,95	-12,40	-9,21	-7,31	-3,37	-4,05	-6,86	-5,54	-1,80	2,25	-0,09	-0,18	-2,39	1,72	3,06	2,75	4,32	4,82	3,62	4,75	4,60	4,54	2,51	5,16	3,83	6,22	3,85	2,84	2,44	6,34	2,81	5,38	-2,82	2,07	1,33	3,43	0,59	1,64	-0,20	-0,20	-1,09	-16,39	-14,71	-15,31	-12,23	-12,24	-12,79	-11,82	-11,04	-10,99	-9,07	-7,57	-10,88	-10,16	-1,16	-3,99	4,86	-4,70	-1,16	-1,82	-3,10	-1,56	-1,10	5,16	1,82	4,36	3,61	4,50	5,36	3,91	2,63	-1,54	-3,02	4,50	4,19	5,94	5,07	4,03	1,84	6,28	7,30	4,80	-0,61	3,07	4,22	0,95	3,27	0,47	1,13	-0,71	-0,62	-14,00	-13,92	-18,27	-15,00	-11,57	-12,22	-11,81	-11,47	-11,76	-8,79	-10,94	-9,83	-5,60	-2,27	-5,63	-5,93	-6,97	-3,90	-2,58	-1,91	-0,42	2,03	4,44	4,35	2,47	4,08	4,34	2,30	2,09	-6,76	5,45	6,92	6,14	1,80	4,80	4,56	0,53	-5,86	-5,75	-6,73	-6,60	-3,35	-6,06	3,66	3,00	3,21	0,43	0,70	0,40	0,58	-12,90	-14,01	-11,91	-8,56	-13,92	-11,84	-12,82	-11,13	-11,27	-8,94	-7,36	-5,62	-6,04	-2,09	-3,23	-3,69	-4,99	-10,14	1,55	0,45	1,16	0,97	3,08	1,93	2,15	3,68	2,79	3,53	5,34	5,05	3,70	6,88	5,54	5,04	6,01	6,06	-5,01	-6,13	-2,97	-2,21	-4,56	-6,81	-2,89	-1,47	2,69	0,99	3,51	3,45	2,56	0,13	-13,79	-14,90	-14,82	-12,61	-12,61	-12,25	-13,11	-11,95	-9,96	-6,97	-8,64	-7,31	-12,56	-11,17	-3,93	-3,90	-5,14	-2,48	-0,76	-1,68	-0,09	6,07	1,67	0,84	4,99	1,19	-0,45	0,63	-0,21	2,50	4,58	2,12	6,39	3,99	4,76	6,17	4,25	-6,42	-4,30	-3,11	-3,58	-4,10	-1,78	2,48	3,00	1,60	4,11	2,08	1,96	-0,15	-13,27	-13,87	-15,12	-12,74	-13,20	-13,59	-10,30	-8,74	-5,73	-8,52	-7,77	-6,08	-5,90	-2,48	-2,96	-1,15	-4,10	-1,18	2,64	-0,79	1,42	3,49	1,25	3,59	-1,65	3,05	2,93	4,71	9,90	1,28	-2,88	7,55	-2,29	2,43	6,69	4,81	2,97	-6,06	-3,84	-3,26	-4,70	-6,85	1,49	0,31	3,08	0,58	4,33	2,60	3,49	2,49	-3,27	-14,46	-13,84	-13,74	-13,96	-12,27	-10,27	-8,60	-4,56	-5,92	-0,16	-0,51	-5,89	-2,25	-4,97	-7,35	-7,32	-5,07	-0,34	0,14	3,18	1,67	1,48	4,43	2,36	4,21	-1,98	4,12	3,93	3,46	5,39	1,79	5,55	1,35	5,12	5,69	3,83	2,40	-2,97	8,06	4,17	3,31	4,36	1,91	1,84	2,01	-0,30	1,83	0,65	1,26	-13,27	-13,69	-14,46	-13,86	-7,86	-11,85	-10,55	-8,89	-8,23	-7,35	-9,30	-8,74	-5,00	-1,67	-3,14	-2,95	-4,81	0,66	-0,70	-1,72	0,63	1,61	0,15	4,35	4,66	3,50	2,93	4,62	5,17	3,78	5,99	5,83	4,35	4,12	5,46	7,14	4,46	-6,55	-4,12	-3,51	-4,71	-6,91	1,58	0,33	0,57	0,40	-7,82	-6,82	-0,05	3,03	-12,65	-13,06	-14,55	-9,65	-14,08	-13,13	-11,73	-11,41	-9,98	-7,98	-6,94	-6,25	-3,96	0,13	-4,10	-4,47	-6,62	-1,32	-0,78	-3,06	-2,11	1,09	4,90	-1,11	6,09	4,68	5,29	4,28	3,81	3,46	2,21	3,42	6,59	2,93	3,78	3,94	-4,02	-7,15	-5,75	-4,45	-6,43	-6,65	2,55	1,20	0,85	3,68	0,02	-1,19	0,97	0,66	-11,42	-15,33	-14,88	-12,91	-12,83	-12,36	-10,89	-10,55	-8,59	-8,91	-7,01	-8,78	-3,51	-4,59	-6,31	-5,22	-2,28	-3,18	1,90	1,73	2,39	2,23	1,44	4,33	2,46	4,51	3,93	3,58	7,37	2,07	5,58	1,83	3,16	4,79	5,63	5,29	1,10	-6,08	-4,66	-4,52	-6,55	-6,81	-1,58	1,57	4,22	3,16	0,30	0,50	1,46	0,60	-11,91	-10,52	-12,11	-12,05	-17,84	-7,94	-8,61	-2,60	-8,95	-8,88	-11,43	-13,01	-5,45	0,34	-6,45	-2,87	-4,07
1,00	10,20	6,66	8,25	-1,83	8,26	2,26	10,34	1,08	12,40	7,89	15,22	8,44	13,66	9,85	13,20	11,81	6,19	7,17	2,88	8,59	5,63	3,69	11,20	2,78	2,30	6,41	15,26	17,28	10,84	2,43	5,90	-0,50	15,62	6,85	3,26	-15,29	-10,56	-13,84	-12,54	-10,02	-8,20	-7,65	-4,98	-6,39	-4,67	-5,14	-3,35	-3,08	-2,82	-2,32	-2,18	-0,88	1,54	0,25	1,94	-3,24	6,03	2,64	4,59	5,78	5,92	4,25	8,25	8,97	5,38	5,71	5,71	5,08	2,94	4,63	5,74	1,82	-2,01	-2,57	-2,54	-2,93	9,64	-1,51	-1,29	-7,15	-7,76	1,49	0,41	-2,16	-0,04	-14,48	-10,55	-8,70	-6,31	-5,98	-7,38	-11,15	-12,92	-8,58	-6,14	-7,30	-2,53	-4,54	-3,96	-5,83	-3,59	-3,49	1,07	0,61	2,11	0,67	-7,48	-6,63	-6,03	-4,42	4,32	3,41	7,21	1,81	0,40	8,32	4,71	6,69	6,88	4,59	2,90	-1,61	-3,11	-3,12	-2,45	6,35	9,36	-0,32	-0,66	-7,71	-7,85	3,14	-0,05	-2,63	-1,12	-15,00	-14,28	-10,53	-11,87	-10,10	-8,53	-10,88	-7,69	-3,09	-8,43	-9,20	-9,01	-5,67	-5,57	-4,20	-14,93	-12,22	-10,06	-10,05	-8,97	0,41	-6,17	-9,85	-9,44	-7,79	-6,61	3,97	7,21	5,02	3,10	-1,57	3,66	6,46	6,26	6,68	4,87	-0,59	-4,18	-2,12	-0,51	1,24	10,26	-0,30	-0,56	-7,72	-7,75	1,10	0,09	-2,55	-1,55	-14,12	-15,49	-14,29	-7,01	-9,11	-7,90	-11,57	-8,10	-9,16	-4,04	-8,57	-3,31	-4,10	-7,54	-6,55	-13,14	-12,37	-9,98	-10,64	-8,83	0,90	-8,01	-10,11	-9,50	-6,56	-6,52	3,34	5,76	2,19	0,48	6,52	6,54	7,24	3,73	5,20	-0,59	-0,26	-1,49	-1,06	3,02	3,55	8,45	-0,94	-0,61	-7,80	-4,54	2,09	-0,79	-3,38	-0,25	-15,08	-11,72	-15,86	-9,34	-8,86	-9,09	-10,14	-9,51	-13,65	-5,22	-0,61	-5,76	-5,69	-9,32	-5,25	-9,14	-3,35	-6,26	-2,89	2,20	0,95	-1,77	-2,89	2,97	2,90	3,33	3,23	5,28	-0,10	-1,73	3,85	5,72	6,59	5,04	4,47	1,48	-0,98	-4,72	-3,18	-3,04	3,96	6,60	-1,52	-1,59	-7,86	-8,18	0,94	-1,38	-3,21	-0,53	-15,33	-12,08	-14,29	-12,73	-11,75	-9,40	-11,19	-8,07	-8,02	-5,59	-10,44	-8,99	-6,75	-2,65	-3,19	-10,38	-9,75	-8,11	-10,00	-10,11	-9,00	-7,95	-8,28	-9,60	-8,00	-8,94	4,49	6,60	4,53	1,92	4,26	3,77	2,88	3,72	3,99	4,93	-2,18	-3,82	-2,42	-3,40	3,21	1,61	-0,47	-0,59	-7,94	-8,04	2,43	3,86	-5,40	1,56	-11,00	-10,77	-5,28	-16,95	-16,66	-10,29	-8,61	-8,41	-12,03	-9,24	-8,17	-6,38	-5,10	-3,43	-4,15	-13,46	-12,74	-10,09	-11,24	-9,83	-4,00	-7,92	-10,09	-9,52	-7,35	-6,55	3,27	4,04	4,34	4,92	5,29	2,97	3,50	3,19	2,54	3,22	-1,47	-0,91	3,97	0,02	8,73	8,81	-0,95	-1,06	-7,61	-9,27	1,17	-0,49	-3,23	-1,21	-14,81	-10,34	-14,71	-13,09	-10,65	-6,56	-9,66	-5,88	-1,50	-0,76	-5,90	-5,22	-2,04	-7,34	-6,33	-6,70	-5,19	-3,23	-5,15	1,28	1,58	-7,90	-7,08	-6,59	-4,11	1,38	2,13	6,88	5,07	5,30	3,91	3,29	4,68	4,55	3,96	3,76	1,59	4,49	3,11	3,71	2,49	2,87	-4,29	-4,63	-7,99	-8,27	-5,41	-2,83	-2,44	-2,32	-14,50	-10,59	-14,53	-10,02	-10,35	-7,75	-7,32	-6,17	-8,74	-8,62	-9,77	-7,43	-5,51	-7,48	-5,81	-12,37	-13,08	-10,53	-9,78	-9,36	-0,31	-8,09	-8,63	-9,84	-7,78	-6,43	3,23	6,13	1,80	-0,23	4,30	2,51	4,14	-0,25	0,38	4,29	-1,74	-4,32	-2,98	-2,77	0,28	-1,33	-1,89	-1,56	-8,76	-8,00	2,23	-1,45	-2,55	0,10	-17,26	-13,98	-15,77	-10,70	-9,50	-13,00	-10,98	-7,34	-7,90	-7,43	-16,89	-3,87	-5,39	-6,91	-6,64	-13,46	-12,34	-7,84	-10,52	-8,87	1,51	-7,65	-10,58	-9,49	-7,38	-6,08	1,03	4,92	0,13	-0,18	4,37	1,96	6,43	2,39	2,83	4,41	0,64	4,44	3,17	3,46	-2,65	8,66	9,87	8,57	1,08	-0,05	2,85	-1,84	-3,94	-2,45	-15,75	-10,41	-15,01	-10,55	-10,85	-7,99	-11,19	-8,24	-7,75	-7,12	3,82	-10,14	-11,10	-8,01	-10,55	-10,39	-5,66	-5,01	-5,26	-1,04	-2,03	-8,21	-7,29	-6,22	-4,45	4,56	2,45	3,86	1,99	-0,06	3,43	-2,26	2,74	2,55	5,04	1,15	1,92	3,37	2,51	3,16	0,58	8,62	6,08	10,02	1,52	3,09	-7,08	-5,46	-2,22	-4,17	-16,39	-11,82	-12,77	-16,25	-8,51	-9,33	-11,12	-7,36	-9,00	-6,49	-9,62	-7,00	-5,66	-7,03	-6,44	-11,68	-13,59	-7,19	-11,09	-11,10	-0,23	-0,31	-7,59	-7,00	-7,44	-6,46	3,15	5,70	5,38	4,49	4,07	2,82	-5,82	3,71	6,52	1,30	-2,08	-0,06	4,20	4,90	3,42	9,32	-0,61	-0,82	-7,89	-8,17	3,20	-0,16	-2,57	-0,86	-15,62	-11,65	-13,85	-13,05	-8,28	-8,88	-14,35	-6,63	-9,88	-7,71	-10,14	-7,56	-6,27	-6,92	-6,46	-14,92	-12,30	-10,14	-10,47	-9,44	0,76	-7,72	-10,04	-9,50	-7,83	-6,61	3,87	4,53	6,43	3,02	2,90	3,39	5,92	5,37	4,88	7,48	-5,51	-2,35	-2,92	-3,51	5,47	8,43	-4,08	-6,20	-7,73	-4,48	0,89	-1,29	-4,40	-5,70	-17,11	-10,90	-14,50	-13,03	-11,66	-7,92	-8,37	-6,37	-8,60	-7,98	-11,03	-6,09	-6,06	-11,70	-10,68	-12,91	-12,47	-10,02	-10,74	-8,73	-4,17	-0,23	-7,90	-8,40	-6,55	-6,08	4,35	3,30	0,44	-2,09	4,02	1,90	5,00	4,93	1,12	3,88	0,78	4,26	4,71	5,36	2,18	9,36	-2,47	-1,51	-7,78	-7,84	2,54	0,08	-2,72	-2,45	-15,54	-10,28	-14,60	-10,32	-15,52	-12,24	-10,94	-5,76	-8,60	-7,99	2,19	-4,33	-2,48	-3,07	-3,10	-12,92	-12,33	-10,02	-10,63	-9,20	1,56	0,65	-7,53	-7,19	-5,56	-6,46	3,27	5,27	0,28	-1,26	0,85	4,01	1,28	3,22	3,53	4,13	1,33	-1,47	-2,29	-2,87	4,44	1,08	-3,89	-4,21	-7,69	-7,74	-0,27	1,53	2,37	5,26	-15,34	-9,94	-8,94	-15,38	-11,58	-7,81	-7,05	-6,95	-7,46	-5,12	-7,20	-3,98	-3,36	-7,05	-5,55	-2,91	-3,86	1,16	0,55	2,05	-3,03	-1,20	0,39	4,00	5,92	-2,88	3,61	4,49	0,67	-0,86	2,69	2,34	5,89	2,24	4,82	5,55	-1,70	-4,34	-3,00	-5,34	1,43	2,31	6,70	2,87	2,53	-0,64	3,63	-1,25	-2,30	-2,50	-15,27	-11,38	-13,81	-8,86	-6,94	-6,63	-10,87	-8,08	-8,31	-7,27	-6,81	-5,12	-4,60	-7,15	-7,80	-12,73	-12,77	-10,56	-11,06	-9,85	-0,86	0,08	-7,21	-8,63	-8,02	-7,61	3,42	7,37	6,03	3,27	5,67	3,07	0,11	3,68	5,31	2,91	0,71	-1,92	-3,39	-3,67	2,04	10,36	-0,29	-0,79	-7,64	-8,24	0,71	-2,56	-7,92	-1,12	-14,67	-10,52	-14,21	-10,13	-12,23	-11,30	-9,40	-7,57	-7,34	-5,40	-9,82	-8,08	-5,79	-4,30	-5,21	-13,61	-12,76	-10,53	-9,03	-7,97	-0,12	-8,43	-9,96	-6,31	-9,04	-6,47	1,81	4,55	5,02	2,41	4,18	1,58	5,76	4,27	5,78	1,04	1,28	3,77	-0,11	-0,63	0,94	3,04	-1,43	-1,82	-8,30	-8,10	-2,79	-1,71	-2,98	-1,16	-16,20	-13,91	-18,47	-11,47	-11,42	-8,79	-11,68	-8,48	-9,55	-9,22	-10,42	-6,55	-5,50	-6,24	-6,65	-12,91	-10,43	-10,03	-10,50	-8,91	0,50	-6,11	-7,25	-8,54	-9,09	-6,77	3,01	6,60	2,01	0,15	5,44	2,48	5,72	3,43	3,71	4,56	-0,84	-0,43	3,95	3,51	-1,59	8,85	-1,89	-1,92	-7,26	-7,68	4,18	-9,34	-2,23	-0,77	-14,59	-10,86	-11,93	-7,66	-6,58	-7,20	-9,46	-5,79	-9,49	-6,33	-9,91	-6,95	-6,14	-1,72	-3,65	-13,20	-12,35
2,00	8,79	4,62	2,48	1,94	1,60	4,81	10,54	6,67	14,36	7,31	11,08	11,12	11,36	14,25	5,59	9,14	12,49	17,32	6,50	5,32	9,62	5,56	15,09	10,11	1,07	8,93	7,51	14,42	11,39	5,03	-0,65	-0,86	2,87	2,97	6,21	-10,06	-14,98	-12,28	-4,27	-12,97	-8,80	-13,64	-8,44	-10,36	-6,04	-3,39	-3,09	-2,14	0,29	1,64	-3,51	-0,97	-0,74	-5,46	-1,99	-4,88	3,79	2,58	4,87	0,95	5,40	7,28	5,69	9,39	5,85	5,30	7,20	10,03	6,06	6,59	6,14	0,60	9,05	8,94	6,50	8,04	-0,10	-0,66	4,37	8,28	-5,89	-7,33	-8,70	-8,23	2,74	-10,90	-7,95	-3,93	-4,74	-7,81	-10,93	-14,93	-8,96	-8,90	-10,65	-10,35	-12,42	-8,05	-2,92	-7,45	-7,56	-1,77	-4,40	-1,63	5,00	-0,64	5,02	3,19	2,94	2,80	2,31	5,21	6,57	7,16	2,89	5,90	8,34	5,03	2,16	6,63	4,72	-0,41	4,84	-2,02	-2,13	1,26	-1,73	-2,30	-4,19	4,15	-7,69	-7,39	-8,33	-9,65	-1,26	-12,58	-15,01	-9,91	-15,64	-11,24	-9,94	-14,84	-6,73	-3,80	-6,55	-4,22	-11,48	-5,25	-7,28	-7,10	-7,72	-4,32	-5,14	-3,05	-6,09	-6,75	3,54	3,30	5,00	1,21	1,12	1,62	2,08	4,22	2,17	0,90	2,36	-0,23	1,52	6,92	4,57	3,34	4,07	-1,64	-3,40	-0,83	-1,84	-2,28	-4,72	1,05	-2,24	1,68	-8,99	-9,32	4,73	-14,34	-15,62	-14,89	-9,94	-11,40	-4,90	-11,40	-5,74	-7,74	-8,48	-10,65	-12,46	-5,91	-3,46	-7,55	-8,24	-2,95	-4,58	-1,34	3,77	-6,28	5,53	2,98	4,51	-0,30	0,21	1,37	3,78	6,58	2,17	0,92	-0,88	4,43	-0,10	5,42	5,15	-0,17	6,50	-2,21	-1,68	0,56	0,78	-0,16	0,37	6,67	-7,99	-7,59	-8,73	-9,23	-1,13	-10,80	-12,62	-14,65	-6,50	-12,12	-12,51	-14,38	-16,40	-8,86	-10,95	-10,46	-18,27	1,05	-3,56	-3,18	-9,77	-3,30	-6,21	-1,84	-5,88	-5,54	3,55	-5,90	3,52	-0,16	0,48	2,42	0,65	2,12	3,80	2,62	2,37	5,89	5,09	5,19	3,11	3,80	-3,41	-2,44	-2,44	0,93	-5,92	-6,55	-4,72	3,50	-7,69	-7,36	-8,86	-9,00	2,93	-12,57	-11,70	-15,34	-8,56	-11,48	-10,09	-9,73	-6,92	-11,38	-9,31	-8,35	-9,22	-0,24	0,70	-7,49	-7,06	-0,52	0,03	1,21	-8,26	-10,43	1,05	-4,95	1,82	3,99	-0,05	-0,42	0,77	3,56	3,80	2,74	1,04	3,29	1,73	-0,59	-2,72	4,45	5,60	-2,45	-3,21	-4,78	-0,33	-0,81	1,95	2,07	2,32	2,37	-8,79	-9,06	-4,01	-5,95	-4,74	-10,39	-10,18	-11,61	-15,40	-15,85	-1,76	-10,41	-10,64	-8,93	-12,39	-5,28	-5,68	-6,85	-4,43	-4,44	-3,70	-2,32	-0,42	-6,85	2,63	-3,52	1,69	-0,43	-1,23	0,63	5,67	4,07	2,89	4,28	4,87	7,53	4,41	5,20	3,82	1,12	3,30	-2,01	-3,95	-0,13	0,53	0,06	3,53	-0,52	-8,44	-7,35	-8,71	-9,13	4,40	-12,51	-13,02	-15,03	-5,42	-2,99	-2,33	-14,33	-9,15	-6,08	-11,17	-10,83	-11,05	-4,69	-5,31	-7,21	-7,21	-3,03	-4,26	-1,22	-0,70	-7,28	2,08	-3,89	5,28	0,00	-0,54	2,38	5,67	4,38	-1,75	5,17	1,04	5,79	3,15	1,37	3,95	-0,68	4,72	3,27	2,49	7,06	3,40	0,74	0,73	2,47	-7,67	-7,32	-8,74	-9,02	3,80	-12,74	-10,53	-12,86	-9,59	-11,62	-9,97	-12,18	-3,89	-6,59	-11,52	-10,64	-9,70	-3,93	-3,85	-2,78	-1,75	-1,91	-5,44	-1,37	0,78	-6,85	2,10	-4,58	3,98	-0,38	-0,70	0,37	2,72	5,26	4,17	3,74	1,93	4,46	1,38	-0,61	5,01	0,03	5,55	-3,11	-2,01	2,18	-2,53	-2,59	-4,92	3,31	-8,52	-7,37	-8,89	-9,19	0,99	-10,34	-11,69	-15,63	-5,05	-11,79	-9,92	-14,72	-7,25	-9,19	-14,32	-14,82	-12,41	-3,45	-5,38	-8,27	-7,79	-6,28	-4,10	-1,97	2,27	-7,03	-0,60	2,71	-0,06	-0,42	1,41	3,57	5,22	5,94	4,05	2,93	2,30	7,73	3,87	3,91	5,41	-4,87	3,04	4,54	1,54	4,73	2,31	2,76	0,38	4,43	-8,09	-7,49	2,38	2,77	3,08	-8,13	-11,86	-14,43	-6,19	-9,48	-1,41	-9,18	-8,97	-8,83	-11,09	-12,03	-14,02	-6,69	-4,84	-11,26	-7,76	-3,40	-4,97	-4,60	1,36	-0,88	-6,34	-5,94	3,01	5,05	0,32	-0,77	0,26	2,74	4,43	-7,72	1,06	4,81	1,18	2,48	1,72	-1,68	3,38	-0,31	1,41	4,64	5,10	1,69	1,57	4,72	-7,70	-7,68	1,33	1,31	-6,21	-13,36	-12,21	-15,38	-5,87	-12,43	-10,28	-17,62	-8,47	-11,57	-12,80	-13,81	-13,97	-5,94	-4,99	-6,83	-4,47	-3,95	-2,79	-1,47	0,50	-1,78	-1,44	-5,93	1,43	0,51	1,64	1,73	0,87	6,56	2,60	0,80	0,02	2,94	2,18	1,45	3,82	-2,05	3,90	-1,85	-2,18	1,75	1,06	0,59	4,78	3,05	1,08	3,81	-8,75	-9,94	-1,81	-8,46	-8,11	-11,53	-5,52	-12,15	-10,67	-11,89	-10,64	-9,65	-11,62	-15,14	-13,60	-9,34	-6,19	-7,43	-7,73	-4,81	-2,87	0,46	3,79	-6,14	-1,29	-4,01	1,44	-0,32	6,75	2,17	0,38	4,15	2,49	0,55	5,02	7,77	5,18	5,43	3,46	2,59	-6,00	3,32	3,64	2,68	-0,53	3,00	4,95	2,19	-7,32	-8,01	-9,14	-8,70	-0,30	-13,21	-12,27	-13,98	-4,81	-11,39	-11,46	-14,36	-9,63	-8,97	-9,25	-8,42	-8,40	-2,52	-5,46	-6,87	-12,71	-4,99	-3,90	2,33	-0,23	-6,57	-3,54	-5,00	-2,20	0,00	-0,07	1,34	1,36	4,98	1,54	3,49	2,56	3,86	3,43	0,38	-0,81	-0,29	3,88	4,60	3,77	6,09	-0,70	2,74	-0,77	-4,99	-7,85	-7,46	-8,71	-9,57	0,74	-11,38	-12,75	-15,72	-7,30	-11,97	-8,36	-12,21	-8,19	-5,32	-3,34	-5,71	-11,22	-5,83	-4,42	-7,44	-6,62	-3,59	-2,42	-2,34	0,66	-6,99	1,34	-3,24	-1,99	4,81	2,47	5,73	4,42	6,46	1,70	0,67	5,68	4,68	6,16	2,12	5,26	0,77	4,78	6,21	5,55	6,96	-0,11	-0,94	-4,96	-1,69	-8,26	-7,73	-8,86	-9,57	2,78	-8,11	-11,54	-14,70	-5,44	-11,32	-9,55	-14,36	-8,12	-11,03	-10,97	-12,75	-8,93	0,28	-3,43	-3,99	-3,63	-3,64	-9,48	-8,01	-5,07	-4,53	0,83	-4,71	1,09	-5,09	1,48	3,68	3,50	3,56	1,70	1,43	5,61	8,28	5,40	2,21	3,33	-0,10	4,36	-1,73	-2,14	0,76	-2,10	0,26	2,35	-2,98	-3,01	3,73	4,15	1,95	1,43	-10,64	-10,72	-14,19	-6,29	-12,10	-7,76	-14,34	-8,26	-10,11	-11,53	-11,26	-13,17	-7,67	-3,55	-7,41	-7,30	-4,34	-2,44	-1,40	0,95	-6,75	2,28	-3,03	3,41	-0,69	-2,29	5,55	3,39	-0,23	-3,56	3,71	6,07	8,81	6,73	4,22	4,21	0,06	2,89	-0,70	2,04	6,72	-0,97	-1,61	-4,78	4,53	-8,33	-7,22	-8,83	-9,86	-7,23	-10,16	-12,91	-15,59	-5,07	-12,47	-9,66	-10,42	-7,29	-4,45	-9,55	-9,20	-12,66	-7,04	-6,77	-9,57	-8,77	-6,20	-1,68	-1,28	2,11	-7,00	-1,48	-3,35	1,86	-0,44	-0,51	0,04	4,39	6,05	2,40	2,27	1,43	2,83	0,68	0,75	-1,56	0,06	4,20	3,48	3,70	5,96	4,06	2,21	1,39	0,91	-7,88	-7,39	-9,85	-9,83	3,09	-12,55	-14,21	-14,06	-13,76	-14,74	-14,96	-15,34	-11,25	-11,18	-12,55	-13,78	-13,87	-6,49	-5,39	-4,44	-4,73	-3,07	-1,81	-1,35	1,60	-1,74	2,58	4,45	2,10	-2,57	1,61	4,14	1,00	6,32	3,27	5,39	5,27	8,50	6,02	5,52	3,45	1,87	4,26	-0,18	-2,30	1,03	-3,21	-4,12	-1,15	0,58	-1,46	2,59	-10,30	-10,68	-6,50	-13,98	-12,06	-15,00	-4,26	-10,58	-6,55	-12,44	-5,82	-8,73	-13,49	-10,57	-12,86	-6,36	-6,74	-3,40	-3,38	-2,98
3,00	11,64	6,35	2,93	4,82	-0,43	6,47	4,15	4,91	4,94	6,36	5,59	15,91	8,21	13,92	4,44	7,06	13,14	7,09	-2,00	9,73	2,67	4,21	14,54	8,12	4,84	11,02	2,49	1,45	2,82	5,62	5,59	-4,84	7,61	-7,05	-8,54	-14,41	-16,46	-14,19	-10,58	-10,34	-4,13	-8,90	-7,02	-12,51	-8,72	-6,42	-3,29	-4,55	-1,53	-0,79	-0,41	2,20	-6,97	-4,82	-7,18	-0,69	-0,28	3,48	2,94	5,84	-2,83	1,32	5,90	5,77	6,78	3,00	5,26	2,56	2,58	6,05	3,99	5,60	-0,95	4,88	-8,00	-8,39	-8,75	-0,82	5,86	4,71	2,44	-4,73	-1,58	-12,19	-8,63	-12,79	-5,86	-5,58	-17,08	-11,91	-4,17	-10,16	-8,94	-11,54	-10,83	-7,80	-3,67	-1,62	-7,17	-7,34	-1,66	-5,60	-7,78	-4,72	2,48	2,87	0,50	-0,07	5,40	3,77	0,53	8,28	4,51	1,72	1,76	2,68	3,54	3,56	2,25	5,54	4,11	8,02	4,81	5,86	-8,37	-8,40	-9,00	0,64	-3,07	-0,13	1,46	-2,22	-1,60	-13,81	-10,81	-16,08	-15,62	-9,84	-17,39	-13,15	-10,09	-14,21	-5,91	-9,97	-8,49	-7,62	-7,97	-8,32	-8,87	-7,77	-4,56	-5,57	-6,58	-7,90	-7,50	-6,11	-3,45	-1,71	2,01	3,11	-2,85	1,95	1,78	1,27	0,20	5,28	5,80	0,53	3,31	3,03	4,88	6,11	6,98	4,34	0,46	-1,80	3,43	2,69	-3,33	-2,53	1,37	-2,11	-0,79	-6,60	-7,28	-16,00	-18,48	-18,21	-12,24	-12,56	-4,55	-10,36	-8,85	-10,10	-6,96	-5,16	-7,70	-5,17	-8,41	-6,71	-4,63	-8,49	-6,30	-8,61	-5,92	1,49	1,85	3,42	2,41	2,78	-1,95	1,98	0,06	-2,75	-0,34	3,36	0,48	-3,87	-0,75	2,36	4,72	2,99	4,02	1,34	-8,44	-8,06	-9,08	2,02	0,61	-2,42	1,42	-3,19	-0,82	-10,77	-10,73	-10,36	-18,20	-17,83	-12,36	-12,79	-5,12	-11,41	-13,69	-11,11	-8,49	-8,35	-3,54	-4,61	-5,47	-2,56	-9,67	-4,49	-1,55	-4,31	-0,56	-5,19	-1,89	-4,70	-1,61	-3,31	-4,67	2,71	0,36	-2,05	-0,70	3,31	1,24	0,95	-0,03	-0,49	-1,94	4,11	1,94	3,23	-8,44	-8,38	-9,24	2,55	-8,38	-10,30	-0,04	-0,01	-0,68	-10,34	-10,59	-15,53	-15,92	-12,28	-12,08	-11,92	-9,42	-7,93	-5,90	-11,15	-11,09	-8,90	-5,06	-7,24	-5,25	-1,32	-4,60	-5,10	-5,27	-4,70	-10,85	-1,27	-1,60	0,80	-4,14	-3,14	-2,28	-4,67	-1,46	-0,45	-2,88	3,49	2,23	0,46	1,60	-0,72	2,02	2,21	1,17	0,73	-0,62	0,58	-0,46	-0,82	-3,68	-2,48	5,49	1,72	-0,39	-7,18	-7,89	-19,64	-15,60	-17,00	-15,62	-9,47	-9,80	-14,53	-11,14	-8,81	-10,48	-10,29	-5,82	-5,22	-7,21	-6,57	-4,29	-4,66	-3,49	-7,35	-6,80	1,53	2,91	-1,84	-4,13	-3,80	-2,90	1,51	1,78	0,67	-1,64	2,05	3,48	1,48	1,04	2,63	1,26	2,99	0,93	0,40	-8,60	-9,02	-9,45	1,70	-4,51	-2,61	0,44	2,74	-0,47	-10,20	-10,54	-16,11	-7,48	-7,03	-4,44	-14,50	-10,10	-14,40	-12,57	-12,35	-7,92	-8,03	-3,88	-4,38	-4,03	-3,10	-3,97	-5,24	-6,44	-8,65	-7,24	-1,14	-2,46	-0,42	-2,84	-4,27	-2,88	1,16	0,58	-0,12	-1,84	-1,06	6,60	3,97	3,17	5,19	0,94	4,79	3,58	6,16	-7,56	-8,50	-9,08	-2,49	3,05	-2,31	0,90	-2,02	-0,14	-10,39	-10,59	-16,75	-18,18	-15,39	-13,08	-15,08	-9,68	-14,35	-11,37	-11,08	-11,41	-7,88	-7,93	-3,66	-8,41	-6,48	-2,62	-8,24	-4,95	-7,09	-6,92	-2,68	-2,89	-0,85	-4,57	-4,35	-3,13	0,83	-0,47	0,45	-1,48	0,37	1,94	0,04	-0,11	1,78	0,12	1,77	3,01	-0,84	-8,51	-5,30	-9,18	-0,86	-4,21	-2,23	-0,93	-8,02	-7,84	-7,55	-7,30	-14,14	-18,15	-18,02	-12,17	-11,50	-8,73	-10,72	-9,33	-12,62	-8,23	-12,88	-5,68	-5,71	-8,57	-10,78	-3,36	-6,06	-3,73	-6,79	-6,16	2,07	-3,54	-1,20	3,86	2,66	-2,06	2,62	3,48	-1,86	-0,59	-3,17	3,03	1,18	3,43	1,53	0,56	2,99	-3,17	-0,12	-4,57	0,49	-0,63	-7,67	4,57	-2,61	1,05	-2,24	1,78	-10,37	-10,49	-14,87	-13,60	-10,55	-11,16	-14,82	-11,08	-14,90	-11,75	-12,53	-2,58	-7,75	-5,65	-11,43	-12,31	-6,09	-2,65	-6,13	-6,52	-3,97	-0,59	1,98	-0,71	2,74	3,43	2,82	1,25	0,51	-1,25	-1,52	-4,09	3,00	5,20	0,93	-0,23	3,98	2,52	3,70	2,25	2,46	-8,62	-8,51	-9,09	0,06	2,00	-3,04	3,27	-1,46	0,74	-7,26	-7,28	-16,17	-18,43	-17,62	-13,24	-12,71	-8,56	-16,63	-13,14	-13,08	-8,90	-7,43	-4,68	-5,09	-8,22	-6,81	-3,81	-11,27	-6,08	-4,49	-1,40	-0,83	-3,43	-3,98	-4,43	-3,55	-4,57	1,22	1,42	1,27	-1,00	1,31	2,42	1,08	0,82	0,95	0,55	0,12	2,78	0,98	-8,56	-8,82	-9,30	0,65	-3,88	0,54	-0,53	0,46	1,52	-7,26	-7,74	-13,93	-15,78	-12,93	-14,73	-10,16	-10,29	-14,82	-13,58	-11,71	-9,87	-7,74	-4,86	-6,50	-3,57	-4,51	-2,37	-5,05	-5,30	-8,70	-7,24	-1,00	2,48	-0,22	-5,23	-0,39	0,81	-0,20	0,27	-4,66	-0,23	0,13	2,59	0,78	0,34	1,18	-0,30	2,43	-3,16	8,91	0,06	2,36	1,42	1,84	2,06	-2,22	-2,72	-2,47	1,37	-10,90	-11,17	-15,81	-19,22	-15,35	-12,16	-7,45	-6,43	-10,45	-10,41	-10,75	-10,65	-6,05	-5,60	-5,58	-5,98	-3,75	-4,21	-11,36	-6,38	-7,74	-8,04	2,09	-5,54	-4,01	-3,11	-3,77	-2,47	1,35	-4,74	-0,17	-0,42	4,03	3,41	3,18	3,51	2,88	0,98	1,53	5,79	5,79	3,70	5,75	-1,87	-3,85	1,36	1,61	2,97	-1,40	-1,31	-8,60	-8,88	-15,52	-19,90	-15,57	-12,86	-13,11	-4,80	-10,58	-7,47	-8,24	-14,64	-12,02	-6,21	-9,66	-5,90	-3,80	-4,25	-1,77	-6,79	-8,98	-8,36	-1,70	-4,22	-0,55	-3,77	2,96	-0,42	6,20	4,20	3,84	1,84	-0,31	5,22	4,20	3,96	4,78	1,38	6,65	5,12	4,40	-8,05	-8,52	-9,66	0,68	2,55	-3,43	0,66	-1,82	-0,56	-10,17	-10,42	-5,08	-6,14	-17,51	-13,55	-14,55	-6,16	-11,00	-9,90	-11,15	-8,86	-7,96	-5,39	-5,08	-4,29	-5,78	-2,35	-3,17	-0,28	-4,02	-0,07	-7,55	-7,99	-7,14	-6,07	1,52	-2,16	0,87	1,57	0,82	1,47	-1,82	5,41	2,80	2,37	3,70	0,90	4,91	5,51	3,17	-8,25	-8,54	-9,02	0,31	-4,95	-2,48	-2,86	-2,59	3,95	-0,03	-1,20	-14,96	-18,40	-18,24	-14,63	-12,31	-8,64	-11,23	-12,64	-11,86	-7,57	-8,08	-5,77	-4,14	-8,39	-7,52	-3,68	-7,34	-5,39	-8,62	-7,21	3,08	-1,42	-1,92	-2,03	-3,75	-1,84	-1,25	2,51	2,25	3,30	4,05	4,10	3,64	3,87	4,51	3,41	3,67	-1,22	-1,40	-8,61	-8,55	-9,19	0,77	3,35	-2,78	2,31	1,83	0,10	-10,62	-10,76	-20,19	-18,07	-12,64	-12,62	-12,20	-8,88	-14,29	-10,10	-9,17	-14,86	-11,82	-4,50	-10,11	-7,48	-3,45	-3,51	-3,84	-5,79	-8,68	-7,17	2,21	-5,85	-0,41	-3,09	-3,91	-2,05	0,32	-1,19	-1,21	-1,39	-0,15	2,41	0,62	-1,20	2,46	2,00	3,78	2,55	0,44	-8,54	-9,11	-9,68	0,39	3,39	-2,61	0,75	-2,98	-0,81	-10,84	-10,35	-13,11	-18,15	-17,98	-10,29	-12,93	-12,40	-13,57	-11,42	-12,46	-13,15	-7,81	-5,78	-3,93	-7,97	-7,03	-7,48	-5,42	-3,42	-1,53	-0,83	-4,99	-2,98	3,35	3,62	-0,67	-2,20	2,10	2,54	3,44	1,97	0,43	4,66	3,81	4,90	4,68	3,25	2,45	6,73	4,45	-7,21	-7,17	-9,03	3,69	-2,97	-2,25	3,83	-1,54	-0,08	-6,76	-7,01	-9,67	-12,67	-14,11	-8,61	-12,41	-6,36	-13,89	-8,68	-14,46	-8,85	-8,07	-4,34	-8,18	-4,06	-2,42	-3,89	-4,26
4,00	4,96	8,04	13,37	5,06	7,38	-1,27	-2,36	5,70	3,87	-1,33	12,38	10,12	12,14	15,21	12,25	10,78	15,59	18,12	14,01	-6,43	-3,98	8,54	2,35	9,51	8,73	-3,39	-4,94	-2,64	1,32	3,36	3,51	7,43	1,27	3,41	-3,36	-12,19	-12,79	-12,27	-7,95	-3,59	-10,11	-9,65	-11,06	-13,73	-5,31	-6,61	-5,69	-8,82	-4,58	-1,41	-4,07	-5,32	4,17	-0,79	1,45	4,25	4,95	0,92	2,93	1,21	4,19	3,81	0,78	5,52	1,60	6,39	8,52	7,86	5,69	6,96	6,59	3,66	-6,51	2,66	1,23	2,72	-1,25	-9,89	-10,36	-10,78	-9,86	-0,17	-4,09	-7,53	-6,56	-6,65	-10,39	-12,69	-10,01	-5,40	-8,71	-9,16	-10,66	-14,12	-8,81	-3,40	-5,19	-5,89	-6,10	-1,93	-2,20	-2,42	-1,14	0,28	2,32	1,43	1,13	1,50	2,21	0,48	3,26	1,37	4,29	6,07	3,06	4,88	6,09	8,19	3,83	1,57	4,49	3,88	4,31	4,53	3,67	1,72	0,88	-8,40	-8,99	-10,97	-10,45	-1,47	0,44	-6,57	-3,19	-14,11	-14,00	-12,30	-9,84	-8,50	-13,96	-13,77	-11,25	-11,95	-8,13	-7,36	-3,84	-8,91	-3,74	-2,35	-2,75	-11,36	0,35	1,94	-0,66	-7,11	0,17	0,09	2,47	-1,66	-1,45	1,23	3,33	1,09	1,99	4,55	6,38	4,31	0,71	4,01	-1,74	-1,08	5,16	4,22	3,12	-0,79	-2,87	-2,72	-4,51	-4,98	-3,78	-1,65	0,53	-3,03	-1,06	-17,93	-11,46	-9,74	-8,17	-5,14	-10,11	-6,89	-10,13	-14,17	-6,79	-5,54	-7,26	-7,10	-6,02	-3,24	-8,23	-10,31	-1,35	-0,60	1,93	0,43	1,37	5,10	1,03	0,15	-0,63	-7,80	-5,97	-1,71	2,77	7,19	7,33	7,87	-1,91	1,89	2,54	-0,47	-1,62	1,35	-1,60	1,18	-2,55	-6,14	-10,61	-10,54	-10,72	-0,68	-1,73	-4,23	-7,25	-18,80	-12,27	-12,19	-10,44	-5,31	-12,16	-7,86	-13,70	-14,34	-10,11	-7,91	-9,28	-4,52	-4,70	-9,63	-4,35	-2,91	1,58	-3,19	0,97	-0,15	-5,39	2,70	1,37	-2,26	-0,34	3,93	5,58	1,38	2,28	5,61	2,63	7,32	0,45	1,88	-4,75	1,42	1,58	2,09	2,05	1,14	-2,26	-6,66	-10,89	-11,72	-11,70	-1,06	-1,41	1,74	3,20	-11,89	-9,94	-13,89	-8,24	-10,98	-12,58	-11,70	-10,49	-14,48	-8,83	-7,06	-5,58	-7,68	-2,78	-2,71	-6,32	-4,67	-4,71	-4,62	-11,44	-2,78	-2,97	-2,28	-2,67	-2,28	-0,41	4,39	3,14	2,96	1,93	5,07	-0,75	4,78	5,68	0,40	-0,21	0,99	2,15	3,48	0,97	1,32	-3,07	0,87	-4,13	-0,96	0,69	-0,85	-0,85	-4,56	-3,40	-13,75	-12,36	-11,65	-10,87	-9,10	-12,84	-11,33	-12,33	-16,03	-10,22	-8,98	-6,64	-3,29	-4,93	-4,16	-5,40	-10,66	0,76	-0,31	-0,54	-0,66	-0,25	-0,43	-1,31	-1,38	1,76	3,82	3,76	-0,57	2,79	3,34	8,35	5,90	4,02	1,05	4,56	1,80	0,54	1,05	-0,99	0,32	-1,79	-6,91	-3,35	-3,61	-2,70	-2,14	-0,39	-4,14	-1,31	-7,52	-14,34	-13,32	-14,27	-9,49	-9,79	-9,94	-10,47	-14,08	-8,05	-10,18	-7,03	-4,78	-4,94	-3,91	-3,92	-9,38	-0,90	0,81	-0,36	-0,61	0,33	1,38	2,20	1,29	1,55	3,60	4,53	-1,55	1,59	2,98	8,47	6,09	2,55	3,48	2,96	2,05	2,73	-1,05	-0,78	0,06	-3,49	-7,18	-11,43	-10,89	-10,57	-0,57	-0,33	-6,08	-4,27	-12,12	-11,16	-15,02	-7,68	-10,11	-15,34	-11,02	-12,51	-1,86	-1,14	-14,44	-6,74	-3,85	-4,76	-5,96	-7,26	-10,86	0,30	-1,42	9,39	-0,27	-1,16	-0,82	0,33	-1,81	-0,15	4,58	5,08	0,33	0,55	2,49	6,30	9,79	3,66	1,83	1,58	1,78	-0,78	2,90	2,16	1,11	-5,24	-3,38	-1,93	-4,25	-10,92	-2,11	-3,76	-3,73	-3,00	-11,82	-15,18	-15,58	-12,62	-12,67	-10,15	-11,33	-11,03	-9,83	-7,36	-6,74	-12,67	-5,05	-5,35	-3,76	-5,00	-10,99	-1,53	-0,52	-0,59	-2,85	-4,71	6,93	-0,47	-2,09	2,10	2,53	6,61	1,06	-2,66	3,78	2,02	9,32	-4,52	5,68	4,22	3,15	-5,09	-3,30	-0,33	1,53	-2,64	-4,32	-9,11	-4,11	-0,49	1,75	0,94	-2,59	-3,75	-11,49	-7,93	-14,54	-6,38	-6,37	-15,75	-10,98	-10,84	-14,01	-9,93	-9,09	-6,25	-4,13	-3,42	-4,03	-5,01	-10,63	-6,67	-0,75	-2,15	-3,20	-2,54	4,59	0,22	0,53	1,89	0,02	-1,89	5,69	1,95	4,45	7,35	3,97	-2,50	4,64	2,95	0,86	0,13	0,29	1,53	1,33	-2,69	-7,05	-10,61	-10,13	-10,40	-0,11	-1,85	-0,42	3,60	-11,77	-14,17	-13,07	-10,11	-6,51	-10,03	-9,84	-17,32	-14,55	-7,57	-10,28	-6,06	-5,64	-5,40	-9,82	-3,08	-5,26	-2,03	-0,75	0,48	-0,44	-6,45	0,08	0,23	-0,31	-3,44	2,77	4,71	1,33	2,78	5,02	9,27	4,63	-0,14	2,91	1,94	0,16	0,75	4,24	3,17	4,43	1,76	-6,26	-10,95	-10,99	-10,95	1,10	-1,84	-0,75	0,39	-13,62	-12,20	-12,77	-7,93	-6,01	-9,30	-7,93	-7,95	-10,76	-11,24	-9,95	-5,82	-6,81	-5,23	-3,72	-7,12	-10,56	0,28	-0,54	0,16	0,13	-0,80	-3,84	2,33	-1,83	1,63	-0,51	4,28	0,67	3,48	6,64	6,91	0,51	-7,15	-4,58	5,45	1,16	-5,83	11,02	1,28	-3,58	1,71	-5,07	-3,80	-0,25	-3,85	-3,27	-1,79	-4,19	-2,90	-12,78	-15,93	-14,57	-5,98	-7,97	-14,33	-12,53	-12,01	-13,84	-5,98	-7,80	-5,85	-4,11	-6,82	-3,85	-5,61	-10,59	-8,85	0,43	-2,26	0,15	-8,52	-2,68	0,96	-0,81	2,85	2,09	5,83	-3,93	-3,42	4,56	8,55	7,57	1,73	-0,65	1,55	2,58	0,47	2,51	-2,44	3,51	-1,15	-3,50	-4,44	-4,24	-0,58	-2,76	-2,49	-4,95	-3,21	-7,68	-10,96	-13,87	-10,73	-6,16	-11,58	-14,53	-9,61	-10,03	-7,01	-7,96	-6,50	-7,04	-6,21	-0,33	-4,07	-10,58	-1,14	-0,16	-0,41	-0,62	-0,92	-0,27	-0,91	-2,27	-0,93	1,24	1,65	5,69	3,51	7,15	9,01	5,35	1,43	1,85	0,58	1,52	1,01	-0,65	-2,42	-0,18	-4,11	-6,91	-11,08	-10,92	-10,41	-1,23	0,06	-10,80	-1,90	-13,74	-8,99	-9,49	-7,83	-5,82	-12,05	-10,81	-11,99	-14,33	-9,54	-7,95	-7,07	-5,85	-2,79	-3,91	-8,04	-5,60	-5,50	0,42	1,56	-0,27	0,99	3,94	0,41	-7,92	-6,81	0,65	6,47	1,44	-1,66	0,24	7,06	4,93	2,94	0,97	1,30	0,45	2,66	1,22	-0,52	2,28	-3,46	-10,69	-11,53	-10,61	-10,67	-3,59	-4,74	-5,18	-5,95	-6,95	-13,37	-13,59	-10,22	-5,98	-9,04	-9,32	-13,30	-16,99	-6,52	-12,15	-5,76	-5,66	-5,98	2,07	-4,14	-11,24	-1,04	0,49	-10,82	-9,81	-2,16	-3,40	-1,88	-0,25	0,51	2,02	3,05	-2,16	1,42	4,56	6,50	8,40	3,13	3,54	3,81	4,87	2,21	2,75	-5,30	-0,06	-2,57	-6,71	-10,88	-11,36	-10,69	1,22	-2,89	-0,98	-2,56	-13,42	-18,40	-11,54	-8,69	-5,83	-7,56	-11,42	-12,60	-12,42	-10,85	-8,34	-7,36	-6,47	-4,98	-3,05	-2,82	-10,45	-0,45	-0,25	-5,69	-5,91	-1,87	0,10	-0,29	1,49	0,86	4,00	5,56	1,37	1,11	3,64	5,51	6,33	1,21	0,97	3,92	2,82	3,61	2,32	-7,71	1,61	-2,60	-6,68	-10,68	-10,50	-10,70	-3,63	-2,59	-3,98	-2,61	-11,83	-10,96	-10,25	-9,85	-11,26	-12,84	-9,40	-13,00	-15,16	-9,99	-6,18	-6,17	-5,03	-5,61	-2,12	-5,07	-4,59	-7,97	-0,91	-0,97	-1,75	-7,52	1,61	-2,23	0,55	1,16	1,98	5,83	1,50	5,94	3,40	7,86	7,69	2,07	2,56	3,32	3,42	3,59	0,98	0,48	2,29	-3,72	-10,62	-10,93	-11,01	-10,44	-0,34	2,50	-3,56	-3,18	-11,70	-8,72	-11,17	-9,82	-9,99	-4,66	-6,75	-7,34	-9,54	-6,76	-7,47	-4,31	-3,41	-4,22	-3,36	-3,15	-9,72
"x-axis"

