;PROJECT=project

RECEIVERS
 1  0.0 30.0 0.0
 2  0.0 40.0 0.0
 3  0.0 50.0 0.0
 4  0.0 130  0.0
 5  0.0 140  0.0
 6  0.0 150  0.0
 7  0.0 230  0.0
 8  0.0 240  0.0
 9  0.0 250  0.0
10  0.0 330  0.0
11  0.0 340  0.0
12  0.0 350  0.0
13  0.0 430  0.0
14  0.0 440  0.0
15  0.0 450  0.0
16  0.0 530  0.0
17  0.0 540  0.0
18  0.0 550  0.0
19  0.0 630  0.0
20  0.0 640  0.0
21  0.0 650  0.0
22  0.0 730  0.0
23  0.0 740  0.0
24  0.0 750  0.0
25  0.0 830  0.0
26  0.0 840  0.0
27  0.0 850  0.0
28  0.0 930  0.0
29  0.0 940  0.0
30  0.0 950  0.0
