;PROJECT=Tunel

RECEIVERS
 1  0.0 10.0 0.00

 2  0.0 20.0 0.00

 3  0.0 30.0 0.00

 4  0.0 60.0 0.00

 5  0.0 70.0 0.00
 6  0.0 80.0 0.00
 7  0.0 110  0.00
 8  0.0 120  0.00
 9  0.0 130  0.00
10  0.0 160  0.00
11  0.0 170  0.00
12  0.0 180  0.00
13  0.0 210  0.00
14  0.0 220  0.00
15  0.0 230  0.00
16  0.0 260  0.00
17  0.0 270  0.00
18  0.0 280  0.00
19  0.0 310  0.00
20  0.0 320  0.00
21  0.0 330  0.00
22  0.0 360  0.00
23  0.0 370  0.00
24  0.0 380  0.00
25  0.0 410  0.00
26  0.0 420  0.00
27  0.0 430  0.00
28  0.0 460  0.00
29  0.0 470  0.00
30  0.0 480  0.00
31  0.0 510  0.00
32  0.0 520  0.00
33  0.0 530  0.00
34  0.0 560  0.00
35  0.0 570  0.00
36  0.0 580  0.00
37  0.0 610  0.00
38  0.0 620  0.00
39  0.0 630  0.00
40  0.0 660  0.00
41  0.0 670  0.00
42  0.0 680  0.00
43  0.0 710  0.00
44  0.0 720  0.00
45  0.0 730  0.00
46  0.0 760  0.00
47  0.0 770  0.00
48  0.0 780  0.00
49  0.0 810  0.00
50  0.0 820  0.00
51  0.0 830  0.00
52  0.0 860  0.00
53  0.0 870  0.00
54  0.0 880  0.00
55  0.0 910  0.00
56  0.0 920  0.00
57  0.0 930  0.00
58  0.0 960  0.00
59  0.0 970  0.00
60  0.0 980  0.00









 




