"Map measures:"	"U-50"	"dB"	"sum   "
"Bkg noise:"	45,0	38,0	32,0	28,0	25,0	23,0	21,0	19,0	"dB"	"35,8 dBA"	"(NCB:28)"
"Project:"	"project"
"Creator:"	"CATT-Acoustic v9.1b (build 1.03) / TUCT v1.1b:2.02"
"Date/Time:"	"2018-05-31 18:51:41"
"Air abs.:"	"on"
"Interference:"	"off"
"Adapt rays:"	"off"
"No of rays:"	500	"Diffraction: "	"off"
"Ech. length:"	1000	"ms"

"Layer:"	1	"of"	1	"Nx:"	9	"Ny:"	1002
	-0,50	0,50	1,50	2,50	3,50	4,50	5,50	6,50	7,50	8,50	9,50	10,50	11,50	12,50	13,50	14,50	15,50	16,50	17,50	18,50	19,50	20,50	21,50	22,50	23,50	24,50	25,50	26,50	27,50	28,50	29,50	30,50	31,50	32,50	33,50	34,50	35,50	36,50	37,50	38,50	39,50	40,50	41,50	42,50	43,50	44,50	45,50	46,50	47,50	48,50	49,50	50,50	51,50	52,50	53,50	54,50	55,50	56,50	57,50	58,50	59,50	60,50	61,50	62,50	63,50	64,50	65,50	66,50	67,50	68,50	69,50	70,50	71,50	72,50	73,50	74,50	75,50	76,50	77,50	78,50	79,50	80,50	81,50	82,50	83,50	84,50	85,50	86,50	87,50	88,50	89,50	90,50	91,50	92,50	93,50	94,50	95,50	96,50	97,50	98,50	99,50	100,50	101,50	102,50	103,50	104,50	105,50	106,50	107,50	108,50	109,50	110,50	111,50	112,50	113,50	114,50	115,50	116,50	117,50	118,50	119,50	120,50	121,50	122,50	123,50	124,50	125,50	126,50	127,50	128,50	129,50	130,50	131,50	132,50	133,50	134,50	135,50	136,50	137,50	138,50	139,50	140,50	141,50	142,50	143,50	144,50	145,50	146,50	147,50	148,50	149,50	150,50	151,50	152,50	153,50	154,50	155,50	156,50	157,50	158,50	159,50	160,50	161,50	162,50	163,50	164,50	165,50	166,50	167,50	168,50	169,50	170,50	171,50	172,50	173,50	174,50	175,50	176,50	177,50	178,50	179,50	180,50	181,50	182,50	183,50	184,50	185,50	186,50	187,50	188,50	189,50	190,50	191,50	192,50	193,50	194,50	195,50	196,50	197,50	198,50	199,50	200,50	201,50	202,50	203,50	204,50	205,50	206,50	207,50	208,50	209,50	210,50	211,50	212,50	213,50	214,50	215,50	216,50	217,50	218,50	219,50	220,50	221,50	222,50	223,50	224,50	225,50	226,50	227,50	228,50	229,50	230,50	231,50	232,50	233,50	234,50	235,50	236,50	237,50	238,50	239,50	240,50	241,50	242,50	243,50	244,50	245,50	246,50	247,50	248,50	249,50	250,50	251,50	252,50	253,50	254,50	255,50	256,50	257,50	258,50	259,50	260,50	261,50	262,50	263,50	264,50	265,50	266,50	267,50	268,50	269,50	270,50	271,50	272,50	273,50	274,50	275,50	276,50	277,50	278,50	279,50	280,50	281,50	282,50	283,50	284,50	285,50	286,50	287,50	288,50	289,50	290,50	291,50	292,50	293,50	294,50	295,50	296,50	297,50	298,50	299,50	300,50	301,50	302,50	303,50	304,50	305,50	306,50	307,50	308,50	309,50	310,50	311,50	312,50	313,50	314,50	315,50	316,50	317,50	318,50	319,50	320,50	321,50	322,50	323,50	324,50	325,50	326,50	327,50	328,50	329,50	330,50	331,50	332,50	333,50	334,50	335,50	336,50	337,50	338,50	339,50	340,50	341,50	342,50	343,50	344,50	345,50	346,50	347,50	348,50	349,50	350,50	351,50	352,50	353,50	354,50	355,50	356,50	357,50	358,50	359,50	360,50	361,50	362,50	363,50	364,50	365,50	366,50	367,50	368,50	369,50	370,50	371,50	372,50	373,50	374,50	375,50	376,50	377,50	378,50	379,50	380,50	381,50	382,50	383,50	384,50	385,50	386,50	387,50	388,50	389,50	390,50	391,50	392,50	393,50	394,50	395,50	396,50	397,50	398,50	399,50	400,50	401,50	402,50	403,50	404,50	405,50	406,50	407,50	408,50	409,50	410,50	411,50	412,50	413,50	414,50	415,50	416,50	417,50	418,50	419,50	420,50	421,50	422,50	423,50	424,50	425,50	426,50	427,50	428,50	429,50	430,50	431,50	432,50	433,50	434,50	435,50	436,50	437,50	438,50	439,50	440,50	441,50	442,50	443,50	444,50	445,50	446,50	447,50	448,50	449,50	450,50	451,50	452,50	453,50	454,50	455,50	456,50	457,50	458,50	459,50	460,50	461,50	462,50	463,50	464,50	465,50	466,50	467,50	468,50	469,50	470,50	471,50	472,50	473,50	474,50	475,50	476,50	477,50	478,50	479,50	480,50	481,50	482,50	483,50	484,50	485,50	486,50	487,50	488,50	489,50	490,50	491,50	492,50	493,50	494,50	495,50	496,50	497,50	498,50	499,50	500,50	501,50	502,50	503,50	504,50	505,50	506,50	507,50	508,50	509,50	510,50	511,50	512,50	513,50	514,50	515,50	516,50	517,50	518,50	519,50	520,50	521,50	522,50	523,50	524,50	525,50	526,50	527,50	528,50	529,50	530,50	531,50	532,50	533,50	534,50	535,50	536,50	537,50	538,50	539,50	540,50	541,50	542,50	543,50	544,50	545,50	546,50	547,50	548,50	549,50	550,50	551,50	552,50	553,50	554,50	555,50	556,50	557,50	558,50	559,50	560,50	561,50	562,50	563,50	564,50	565,50	566,50	567,50	568,50	569,50	570,50	571,50	572,50	573,50	574,50	575,50	576,50	577,50	578,50	579,50	580,50	581,50	582,50	583,50	584,50	585,50	586,50	587,50	588,50	589,50	590,50	591,50	592,50	593,50	594,50	595,50	596,50	597,50	598,50	599,50	600,50	601,50	602,50	603,50	604,50	605,50	606,50	607,50	608,50	609,50	610,50	611,50	612,50	613,50	614,50	615,50	616,50	617,50	618,50	619,50	620,50	621,50	622,50	623,50	624,50	625,50	626,50	627,50	628,50	629,50	630,50	631,50	632,50	633,50	634,50	635,50	636,50	637,50	638,50	639,50	640,50	641,50	642,50	643,50	644,50	645,50	646,50	647,50	648,50	649,50	650,50	651,50	652,50	653,50	654,50	655,50	656,50	657,50	658,50	659,50	660,50	661,50	662,50	663,50	664,50	665,50	666,50	667,50	668,50	669,50	670,50	671,50	672,50	673,50	674,50	675,50	676,50	677,50	678,50	679,50	680,50	681,50	682,50	683,50	684,50	685,50	686,50	687,50	688,50	689,50	690,50	691,50	692,50	693,50	694,50	695,50	696,50	697,50	698,50	699,50	700,50	701,50	702,50	703,50	704,50	705,50	706,50	707,50	708,50	709,50	710,50	711,50	712,50	713,50	714,50	715,50	716,50	717,50	718,50	719,50	720,50	721,50	722,50	723,50	724,50	725,50	726,50	727,50	728,50	729,50	730,50	731,50	732,50	733,50	734,50	735,50	736,50	737,50	738,50	739,50	740,50	741,50	742,50	743,50	744,50	745,50	746,50	747,50	748,50	749,50	750,50	751,50	752,50	753,50	754,50	755,50	756,50	757,50	758,50	759,50	760,50	761,50	762,50	763,50	764,50	765,50	766,50	767,50	768,50	769,50	770,50	771,50	772,50	773,50	774,50	775,50	776,50	777,50	778,50	779,50	780,50	781,50	782,50	783,50	784,50	785,50	786,50	787,50	788,50	789,50	790,50	791,50	792,50	793,50	794,50	795,50	796,50	797,50	798,50	799,50	800,50	801,50	802,50	803,50	804,50	805,50	806,50	807,50	808,50	809,50	810,50	811,50	812,50	813,50	814,50	815,50	816,50	817,50	818,50	819,50	820,50	821,50	822,50	823,50	824,50	825,50	826,50	827,50	828,50	829,50	830,50	831,50	832,50	833,50	834,50	835,50	836,50	837,50	838,50	839,50	840,50	841,50	842,50	843,50	844,50	845,50	846,50	847,50	848,50	849,50	850,50	851,50	852,50	853,50	854,50	855,50	856,50	857,50	858,50	859,50	860,50	861,50	862,50	863,50	864,50	865,50	866,50	867,50	868,50	869,50	870,50	871,50	872,50	873,50	874,50	875,50	876,50	877,50	878,50	879,50	880,50	881,50	882,50	883,50	884,50	885,50	886,50	887,50	888,50	889,50	890,50	891,50	892,50	893,50	894,50	895,50	896,50	897,50	898,50	899,50	900,50	901,50	902,50	903,50	904,50	905,50	906,50	907,50	908,50	909,50	910,50	911,50	912,50	913,50	914,50	915,50	916,50	917,50	918,50	919,50	920,50	921,50	922,50	923,50	924,50	925,50	926,50	927,50	928,50	929,50	930,50	931,50	932,50	933,50	934,50	935,50	936,50	937,50	938,50	939,50	940,50	941,50	942,50	943,50	944,50	945,50	946,50	947,50	948,50	949,50	950,50	951,50	952,50	953,50	954,50	955,50	956,50	957,50	958,50	959,50	960,50	961,50	962,50	963,50	964,50	965,50	966,50	967,50	968,50	969,50	970,50	971,50	972,50	973,50	974,50	975,50	976,50	977,50	978,50	979,50	980,50	981,50	982,50	983,50	984,50	985,50	986,50	987,50	988,50	989,50	990,50	991,50	992,50	993,50	994,50	995,50	996,50	997,50	998,50	999,50	1000,50	"y-axis"
-4,00	2,60	2,88	3,01	-4,26	-4,36	-3,75	-0,92	-0,31	-2,63	-10,49	-11,61	-6,41	-5,80	-11,08	-11,34	-11,20	-2,18	4,36	6,89	-0,84	-2,92	12,97	13,76	13,50	13,01	7,13	0,04	-4,47	-0,41	-3,58	4,36	1,69	-0,28	0,35	2,07	1,51	-3,24	3,42	10,74	2,15	-3,00	-1,41	-1,92	-0,98	-4,52	1,66	1,07	1,12	-2,59	-2,92	-2,61	0,69	-2,72	-4,81	-4,39	0,74	1,28	-0,69	5,04	-1,38	-1,22	0,62	2,14	1,07	7,87	8,60	6,39	0,15	-1,17	5,20	1,50	4,46	0,65	2,44	8,76	2,46	6,64	0,86	4,45	6,23	6,83	7,50	4,86	4,07	6,31	7,61	7,07	4,15	7,89	9,99	5,93	8,18	2,82	7,24	5,78	6,95	4,67	7,77	6,59	6,58	5,32	7,92	9,39	6,46	9,80	4,39	4,89	8,57	6,98	4,00	4,72	4,27	5,95	5,17	3,32	5,17	8,13	7,25	3,63	1,71	6,72	-1,19	-0,99	-3,18	-6,57	4,20	1,15	4,27	0,47	-1,69	4,93	0,32	0,42	-1,40	-2,11	7,34	6,04	4,90	-5,10	1,30	1,51	-3,01	-0,68	3,05	-3,28	1,25	1,72	-1,70	1,56	4,30	5,42	1,04	0,39	-0,86	1,49	5,12	2,87	-0,28	3,01	-2,78	-5,21	-2,08	-1,67	-6,63	4,92	2,05	5,74	0,42	-1,00	2,82	1,86	2,11	0,18	1,70	2,61	-0,52	3,93	-7,44	-3,19	-4,19	-3,19	5,46	2,63	0,67	4,87	7,43	9,67	4,00	6,28	8,46	2,19	3,60	4,09	4,33	5,29	1,10	3,15	8,28	5,89	6,79	5,02	5,50	9,47	4,81	9,64	6,21	3,17	6,27	5,49	2,73	3,51	0,66	5,38	1,12	0,26	3,68	6,88	4,39	-1,37	2,15	5,76	-3,44	-4,85	-3,65	-6,06	4,50	-1,49	5,08	-0,83	0,06	1,51	1,08	3,09	-5,55	-8,22	0,20	-0,37	3,20	-6,63	-1,20	-1,30	-5,53	-3,13	1,73	-5,27	0,44	-1,07	0,75	-0,79	1,05	-1,06	2,71	-1,15	-2,86	-1,92	0,40	-0,70	-1,98	3,90	-3,45	-5,37	-2,67	-3,78	-5,94	2,74	-0,64	2,50	-2,57	-1,85	3,95	2,75	2,79	-1,77	-2,66	3,39	2,91	3,39	-4,15	-1,33	-2,37	-0,12	3,94	1,05	0,74	6,08	6,91	4,92	-0,02	4,77	4,51	1,96	3,28	3,07	4,68	5,99	2,61	3,00	8,27	7,42	6,42	6,95	5,32	5,37	5,57	8,06	2,17	2,83	5,85	5,50	2,13	5,85	1,59	7,56	4,78	3,67	5,25	8,60	4,77	0,18	1,72	5,36	-1,67	-3,35	-2,49	-4,38	4,88	3,60	3,85	0,77	-2,44	1,30	-0,20	0,99	-2,60	0,15	0,33	5,16	3,34	-6,73	-0,39	-1,07	-4,54	-2,95	2,75	-2,24	1,14	-1,92	-3,05	-2,67	-0,67	-0,61	-2,27	-1,58	-2,16	0,05	-0,06	-0,05	-3,88	3,14	-2,23	-5,39	-2,24	-3,39	-5,97	2,51	3,29	2,67	1,73	1,07	3,26	-0,59	3,68	0,99	1,85	4,30	-0,66	2,25	-5,52	-4,24	-4,93	-4,46	4,46	0,69	-0,81	4,89	6,70	3,95	-0,10	2,30	3,14	1,64	4,14	2,31	4,34	4,53	3,02	3,09	4,27	7,16	6,06	5,00	5,33	6,60	4,58	3,47	2,10	2,45	3,89	2,52	0,92	1,54	3,15	5,45	1,73	-1,19	2,45	7,04	4,29	-0,53	-1,43	3,36	-3,23	-3,98	-3,91	-6,19	3,55	-0,91	5,61	1,51	0,02	1,31	-1,28	1,17	-1,00	-2,52	2,46	4,74	2,43	-5,14	-2,25	-3,50	-6,60	-2,56	5,67	-1,71	1,93	1,92	-2,10	-2,10	1,84	-0,40	1,06	0,33	-1,17	0,36	-0,46	0,96	-2,65	3,70	-3,33	-5,35	-3,17	-1,88	-8,09	2,39	5,25	4,90	4,30	3,78	3,25	-0,76	0,79	0,51	1,05	3,37	-0,67	6,58	-5,22	-3,35	-4,94	-3,16	4,80	0,68	-1,77	3,10	5,63	5,35	1,28	3,87	3,59	2,32	3,65	1,60	3,63	4,28	4,21	3,67	6,51	5,67	6,88	4,83	4,55	7,81	6,38	4,38	3,67	0,84	6,32	5,44	2,26	3,99	3,27	7,73	4,53	3,24	4,27	7,92	3,43	0,60	2,44	6,35	-4,55	-4,51	-3,52	-6,63	4,32	-1,24	3,26	-2,02	0,47	1,55	-0,79	3,26	-1,20	-1,67	0,34	3,81	1,67	-4,28	-1,87	-0,51	-2,02	-2,20	2,03	3,10	-1,06	0,83	1,52	2,13	-0,74	0,69	1,30	0,65	-3,60	-2,46	0,51	0,19	-2,54	3,92	-3,05	-4,74	-1,47	-1,92	-5,92	2,09	4,38	4,99	-1,35	-0,51	5,24	1,11	3,86	2,58	1,15	5,73	0,31	3,80	-6,26	-3,88	-5,65	-3,60	3,37	0,56	1,23	4,80	9,52	4,80	1,64	4,43	6,35	3,50	3,84	3,43	6,35	6,41	1,95	3,86	6,84	8,96	5,27	6,63	4,20	3,90	5,21	7,43	3,37	3,08	5,06	4,65	2,22	3,93	3,44	5,81	3,14	0,32	3,86	6,04	4,56	1,74	3,27	4,13	-3,47	-2,29	-3,92	-6,84	2,73	0,72	2,76	1,91	4,06	0,92	-0,45	4,82	0,47	-1,21	5,65	3,55	2,26	-5,57	-1,20	-1,43	-5,10	-2,97	2,80	-2,64	0,94	0,62	-1,62	-2,14	0,70	-1,67	-0,38	-1,30	-2,05	1,44	2,34	0,98	-1,57	0,88	-2,36	-5,16	-2,15	0,08	-5,91	2,56	2,96	6,21	-0,72	-1,31	1,43	-1,30	1,57	-0,30	-1,03	4,17	-0,15	4,69	-6,93	-3,78	-5,09	-3,64	6,74	1,06	-0,52	4,45	7,27	3,22	0,71	2,80	4,14	2,46	3,75	2,08	4,66	3,90	1,86	2,99	5,86	6,73	7,06	7,31	4,64	5,72	4,19	6,80	3,57	2,92	5,42	3,60	2,59	3,69	3,20	6,48	3,59	1,05	3,74	8,78	4,40	2,06	3,49	2,21	0,29	-2,00	-1,91	-3,43	3,07	0,17	5,56	0,89	-2,73	0,22	-2,68	4,02	-0,05	0,87	3,55	3,77	4,33	-7,00	-4,20	-2,63	-4,32	-1,38	4,78	-1,08	1,43	0,28	-1,13	-2,57	-0,18	-0,72	-0,16	0,30	-1,98	-1,79	-0,18	0,35	-1,88	1,63	-4,84	-5,67	-3,47	-2,43	-2,93	2,31	1,57	2,86	0,20	-1,26	1,48	-0,10	0,96	-0,00	-0,43	3,58	-1,22	4,93	-5,49	-3,31	-4,31	-2,17	5,23	0,28	-0,05	4,45	8,76	5,42	0,41	2,94	7,33	4,33	4,18	3,56	4,84	6,64	1,58	4,49	4,48	8,13	6,43	6,25	6,37	5,39	5,48	6,70	3,97	2,18	6,08	6,47	3,64	4,73	3,73	7,52	11,56	4,51	9,11	8,69	4,66	1,53	2,16	4,43	-3,19	-5,06	-4,83	-6,23	4,63	1,41	3,59	1,44	-1,36	2,09	1,85	3,63	-1,11	-0,60	3,03	3,92	1,71	-2,38	-0,69	-4,12	-5,59	-0,90	3,96	-3,59	-0,01	-1,29	-1,39	-0,43	0,40	-0,99	-0,75	1,06	-2,26	-3,29	0,70	-0,64	-1,95	5,58	-2,42	-6,05	-3,48	-1,76	-6,31	3,76	5,89	6,19	-1,37	-0,48	1,73	0,37	2,48	-1,60	2,14	3,47	-0,53	4,77	-4,08	-1,96	-2,12	-1,13	4,89	2,54	1,01	6,84	6,81	3,58	2,20	3,61	10,20	3,58	3,67	2,69	4,61	6,92	3,23	4,40	7,21	6,87	11,26	8,64	6,69	8,20	7,21	5,29	2,54	1,26	5,72	8,04	6,46	7,15	5,08	7,13	8,76	4,84	9,54	7,06	8,64	4,97	0,35	8,56	5,06	3,69	5,14	2,93	8,96	2,72	6,89	2,55	6,76	9,30	3,87	8,84	1,01	6,05	9,16	9,04	10,84	3,33	2,52	2,10	-3,91	-1,52	4,38	2,06	3,31	-0,20	-3,75	-4,56	-1,64	-0,09	1,51	2,26	0,56	1,89	1,40	3,51	-5,28	-2,79	0,09	-2,13	0,09	-0,20	5,43	-2,54	0,76	4,36	5,32	1,31	-0,24	-0,34	-2,31	-2,47	-2,13	0,32	0,90	7,34	14,21	14,27	15,16	14,91	0,66	-2,81	1,79	3,20	0,41	-10,64	-12,02	-11,65	0,63	-2,11	-11,68	-12,19	-2,21	-6,37	-3,04	-3,72	-1,48	-2,61	0,88	3,06	2,31
-3,00	-2,53	-2,87	-6,04	-5,95	-3,54	-4,84	-4,74	-9,00	-8,59	-2,37	-3,67	-3,89	-8,15	-8,18	-5,07	-3,96	5,12	-0,34	-2,28	-2,00	-1,48	-4,49	5,63	6,34	5,87	9,75	11,28	7,85	-2,99	-4,23	0,31	-2,13	-3,50	-2,85	-0,28	2,40	1,04	-0,13	2,38	-0,29	3,85	4,33	0,19	-2,09	3,46	3,89	-1,92	0,75	0,68	2,22	-1,80	0,69	11,48	6,94	0,38	2,17	1,93	4,76	3,26	-0,45	-4,32	-0,25	2,67	-6,78	-3,19	-1,99	-3,11	3,17	2,97	0,51	0,25	0,40	-0,89	-2,42	5,98	7,88	0,76	-0,63	0,62	6,40	2,01	-4,76	0,86	1,39	4,15	5,80	5,64	1,93	2,01	4,76	7,50	3,88	3,34	7,15	5,16	4,62	7,88	6,99	9,00	9,11	8,23	8,19	8,76	8,56	8,00	7,62	9,86	6,22	6,69	9,02	3,54	9,90	0,91	4,68	4,60	2,71	5,16	2,49	1,88	3,86	-0,27	4,51	2,40	-5,52	-0,51	-7,04	-7,50	-8,56	1,03	2,60	5,99	1,08	-5,77	6,84	5,97	-1,12	5,24	3,02	0,99	-3,23	-7,30	-9,59	-1,07	-1,78	-3,46	-3,54	-1,59	1,13	6,14	10,43	1,39	2,01	6,52	6,41	1,51	-3,65	-7,23	-1,95	-2,46	-1,05	-9,66	-10,26	-2,57	-4,45	1,47	0,80	-5,88	2,79	3,60	-1,70	-0,19	3,92	0,14	-3,23	-7,34	-6,93	-2,65	-5,16	-2,35	3,84	3,10	-2,40	-2,07	0,03	1,29	2,33	2,34	1,73	-0,44	0,41	8,23	2,13	2,94	8,80	7,80	3,27	2,98	4,26	5,91	7,90	7,93	6,63	8,90	5,83	6,37	3,74	7,88	6,06	6,59	6,53	2,12	8,05	3,34	2,91	1,63	0,51	3,81	0,77	-0,30	-0,80	-3,00	1,55	3,89	-2,95	-3,61	-6,37	-7,06	-7,40	-5,93	1,94	0,80	1,11	-3,75	5,05	3,14	-6,71	-1,13	-0,42	-3,62	-3,85	-9,52	-8,47	0,24	-4,92	-0,73	-5,07	-3,50	-0,12	4,34	4,30	0,88	0,73	8,59	5,18	-0,05	-3,73	-4,36	-2,11	-3,45	1,76	-7,57	-7,55	-0,78	-4,43	-4,53	-3,14	-10,80	-0,68	-0,22	-8,14	-0,00	-0,07	-1,49	1,97	-2,01	-1,02	-3,90	-2,69	-2,47	3,64	4,81	-2,88	0,08	2,95	0,70	3,39	3,26	-0,59	0,69	2,35	6,27	1,08	4,34	6,75	4,75	3,87	4,85	4,20	6,71	7,46	6,62	7,82	6,04	8,77	6,81	5,25	4,36	5,83	7,39	5,11	3,82	8,48	0,51	1,24	0,19	1,10	3,67	0,58	-1,33	-1,21	-2,32	2,24	1,00	-2,88	-3,43	-4,88	-2,92	-3,72	-1,75	-3,43	-0,06	-0,79	-2,79	0,27	1,69	-3,62	2,60	1,68	-5,63	-2,05	-9,65	-8,79	-3,80	-4,77	-4,62	-6,37	-3,92	-3,77	3,26	4,17	-1,34	-1,15	4,36	2,81	0,26	-3,75	-6,21	-3,16	-2,65	-1,82	-9,27	-9,62	-1,39	-5,76	-1,51	-3,90	-7,90	-1,05	-0,95	-6,65	-2,84	1,49	-4,33	1,46	-6,46	-7,53	-6,84	0,07	-0,45	-0,05	1,07	-3,03	-0,12	-0,73	0,07	2,69	2,62	1,34	-1,79	-0,92	6,16	1,11	6,14	6,63	3,75	4,76	4,12	6,62	5,78	6,76	3,99	6,81	9,18	6,61	6,27	5,61	4,75	4,57	5,10	4,50	1,12	6,38	-1,54	0,58	0,16	0,81	0,38	-0,00	1,79	1,49	-3,38	4,22	2,46	-3,53	-3,94	-5,60	-4,55	-8,58	-4,00	-1,96	2,00	4,13	-0,68	5,96	4,91	-5,43	0,55	-2,41	-4,51	-4,48	-9,97	-7,79	-0,86	-1,78	-2,84	-6,12	-5,97	2,87	3,55	3,96	-0,70	-1,78	6,41	6,31	-0,64	-4,15	-4,60	-0,84	-3,35	-1,27	-10,20	-10,12	-6,80	-4,63	-0,04	-2,02	-9,79	1,57	0,92	-8,15	0,55	1,40	-0,38	-2,73	-7,55	-6,32	-5,41	-4,17	-2,25	3,58	3,56	-1,37	0,09	-1,72	1,63	1,33	3,53	1,02	-1,11	-0,41	6,12	0,96	3,92	5,79	4,51	7,06	4,24	2,03	6,95	5,42	5,24	4,90	7,39	6,18	5,40	3,58	6,66	4,87	7,09	4,96	4,11	8,42	-0,39	0,04	2,59	5,45	2,31	-1,53	-0,70	-0,08	-3,27	1,50	2,78	-0,66	-3,56	-7,17	-7,12	-6,83	-4,48	-0,72	4,17	1,42	-2,61	2,44	2,24	-4,88	-3,31	-1,06	-2,45	-1,44	-9,77	-7,98	2,10	-2,99	-4,73	-4,86	-2,85	-0,43	4,81	8,06	-1,39	0,66	4,43	4,56	-1,61	-4,87	-7,07	-1,66	-4,35	-3,01	-8,41	-9,26	-1,92	-5,10	-3,13	-4,74	-7,10	-0,52	-0,75	-10,06	-2,44	4,17	-0,16	-4,98	-8,75	-8,19	-7,02	-2,33	-0,67	1,78	1,39	-4,64	-0,92	0,11	2,04	1,57	3,90	0,17	0,82	-1,02	5,48	2,20	5,76	6,87	6,48	5,42	1,46	3,29	6,04	5,05	9,36	4,20	7,84	5,51	3,84	6,35	4,34	5,35	5,83	7,44	3,01	6,26	0,01	2,13	1,51	5,41	2,07	1,39	-0,91	1,33	-2,96	3,68	0,58	-4,04	-2,98	-6,26	-7,78	-7,66	-3,69	2,54	3,33	2,63	-2,38	2,49	0,74	-4,56	0,79	0,71	-6,55	-4,34	-9,80	-9,07	-2,30	-4,56	-3,35	-5,32	-4,33	-0,91	5,66	7,40	-1,62	-2,98	4,41	6,12	2,49	-2,92	-4,90	-1,98	-3,52	-1,17	-8,50	-10,17	-3,43	-6,97	-3,21	-5,64	-11,65	-1,80	-1,96	-9,53	-2,16	3,03	1,23	-0,77	-8,30	-7,84	-6,55	-0,71	-1,50	1,42	3,42	-0,59	1,83	2,16	3,47	2,83	3,72	-0,75	-0,80	-2,43	4,87	2,03	6,08	8,47	7,25	6,11	5,56	4,30	6,76	11,54	7,66	4,18	5,70	5,97	4,76	4,47	4,54	3,60	7,19	6,72	5,42	6,42	0,08	0,33	0,19	2,58	2,36	2,89	1,12	3,77	-2,38	5,75	1,69	-2,96	-4,11	-3,16	-3,55	-3,53	-6,34	-2,83	2,89	1,52	-2,87	1,57	1,42	-3,20	0,16	0,03	-6,65	-5,17	-8,50	-8,89	-0,96	-1,39	-2,44	-6,45	-4,42	-1,88	4,15	4,75	-0,86	-2,97	6,13	5,82	-2,10	-4,95	-2,84	0,14	-1,84	-3,83	-7,28	-10,10	-4,96	-3,76	-2,99	-4,26	-11,82	-0,99	-1,75	-9,29	-2,25	2,35	-0,14	0,46	-7,33	-8,00	-7,93	-3,55	-1,30	1,71	1,41	-4,52	-0,63	-1,09	3,04	2,70	3,74	-0,24	1,11	-0,20	7,52	1,66	3,50	6,54	4,85	6,60	6,35	5,30	6,41	8,59	5,89	5,64	9,64	7,59	5,94	4,46	5,90	3,38	7,61	4,67	1,29	8,36	1,76	2,19	2,41	3,63	3,04	5,03	1,44	-0,21	-4,24	1,63	2,33	-0,13	0,21	-7,73	-7,75	-6,77	-0,97	-0,33	1,24	1,90	-2,18	1,98	3,26	-7,81	-0,14	1,22	-3,92	1,81	-8,72	-7,87	0,68	-2,30	-2,95	-6,34	-4,19	1,70	5,77	6,75	-0,45	-0,29	5,68	5,66	2,82	-3,89	-6,61	-1,71	-0,72	-0,96	-7,23	-7,98	-1,13	-0,53	-3,96	-5,42	-10,78	-1,10	-0,84	-7,03	-3,49	3,08	2,19	2,21	-5,84	-6,92	-6,33	-3,23	-2,25	2,70	4,64	-2,07	3,95	1,54	0,05	5,14	4,30	4,77	3,19	1,08	7,86	1,73	8,29	9,82	5,72	6,75	6,16	5,48	7,45	7,13	7,27	5,23	8,35	11,22	4,53	5,86	3,36	6,28	9,41	9,92	4,50	3,46	0,84	2,76	0,78	4,31	6,25	-1,49	1,28	3,19	-1,98	3,85	4,88	0,27	1,23	4,75	6,67	-1,61	-2,29	1,48	4,21	3,94	3,77	4,55	5,57	-4,46	2,12	1,16	-3,74	0,96	-4,52	0,23	3,24	-3,91	-0,60	1,11	-0,64	-0,06	2,13	7,14	-2,45	0,85	-1,46	1,08	1,08	-5,90	-2,34	5,18	-0,56	1,76	8,06	8,57	-0,12	-1,55	-12,80	-13,02	-8,99	-14,75	-15,08	-15,21	-11,43	-3,06	-1,05	-1,29	12,90	12,10	12,72	1,12	4,35	8,15	0,11	-0,34	-4,25	-3,28	-2,04	3,44	3,79	-4,21	-5,90	-1,61	-0,44	0,98	0,61	-3,15	-5,92	-1,14	-1,84	-2,48	-5,80	-8,62	-6,46	-1,94
-2,00	-4,36	-5,03	-2,74	4,46	3,66	2,26	-5,70	-2,59	-1,94	-7,16	-7,12	-4,15	-1,85	-8,75	-3,07	1,09	-2,72	9,93	11,83	8,91	8,42	-4,75	-4,72	9,68	8,56	10,54	-1,02	-1,22	-3,91	-0,21	2,28	1,68	-1,70	-0,43	-5,57	-1,52	11,17	-0,68	-3,34	-2,13	-2,02	-1,81	9,85	-1,24	-4,22	-2,23	-1,36	-1,12	-1,84	0,69	3,32	5,41	0,60	-1,03	6,89	6,06	-0,11	-6,83	-4,11	3,08	0,68	-3,39	-0,50	-1,59	0,89	1,19	-1,85	3,13	2,49	-1,19	-2,05	3,77	1,11	1,37	3,16	3,71	0,21	-3,98	-1,85	4,60	-3,05	5,25	1,09	3,82	6,94	7,29	2,46	4,86	8,98	7,75	5,73	5,45	3,29	6,86	8,75	8,25	7,84	7,58	9,56	7,97	7,83	7,24	9,61	6,34	8,76	7,02	9,88	9,17	11,22	6,77	6,18	7,78	2,46	9,98	0,79	3,53	5,44	5,77	0,88	1,81	1,70	-1,28	2,01	-4,60	-2,81	4,64	7,35	6,60	-3,05	0,71	3,25	1,50	-3,71	-2,40	-0,19	1,17	-10,75	-2,82	-0,75	-2,73	-4,57	-0,52	-4,59	-2,29	-5,00	-1,96	2,15	2,45	7,59	-3,23	-0,96	0,80	-0,18	-1,73	3,45	2,98	1,52	-3,03	-3,03	-7,37	-3,90	-4,50	-5,80	-2,75	-2,65	-10,42	0,28	0,60	0,46	-0,26	0,26	1,40	-0,87	-1,95	1,09	0,71	-3,99	-6,38	-5,52	1,96	-4,34	0,04	-0,25	0,68	3,53	2,11	1,30	0,24	6,05	3,96	3,84	5,85	4,95	7,96	6,20	7,86	4,12	5,71	4,88	11,73	5,05	4,59	5,84	9,55	9,06	6,04	9,46	8,92	8,46	2,77	3,11	7,89	1,83	7,01	3,51	3,00	1,69	3,42	2,03	-3,44	-2,63	-2,32	0,31	-6,37	-6,23	-3,88	1,31	0,48	-4,79	-3,54	0,37	-1,57	-0,30	-0,64	-2,21	-3,35	-8,63	-2,31	-2,75	-6,22	-3,41	-3,73	-5,46	-2,41	-6,39	-3,22	1,22	0,76	-1,21	-3,86	-0,14	-2,98	-0,38	0,53	2,64	3,25	-6,28	-9,91	-6,75	-8,27	-7,73	-4,42	-6,82	-3,24	-3,75	-11,26	-2,94	-1,83	-5,03	-2,66	0,32	-3,01	0,64	-0,77	2,20	3,64	1,36	-2,61	-1,34	1,91	-1,02	1,94	1,14	-0,29	4,37	3,09	4,13	-0,32	8,16	1,22	5,23	2,36	5,19	9,74	9,51	5,15	4,27	7,63	3,07	5,85	6,57	6,36	7,09	6,99	7,60	5,11	6,26	7,82	9,96	2,79	4,61	6,24	3,23	8,58	1,32	2,67	2,73	5,17	1,61	-1,13	-3,12	-5,28	0,83	-1,19	-3,09	-0,02	2,41	4,15	-0,19	-1,92	-2,30	-2,55	-0,05	-2,44	-4,23	-4,41	-10,79	-4,58	-3,96	-4,67	-4,30	-5,37	-5,96	-3,02	-6,03	-3,27	1,48	1,52	-2,51	-2,79	-2,56	-4,42	-3,20	-1,64	3,46	4,09	-6,28	-8,97	-9,19	-11,27	-11,92	-8,56	-6,40	-2,29	-1,83	-7,66	-1,50	-2,09	0,10	-0,86	0,92	-3,04	-1,95	-1,74	2,60	4,28	-0,26	-4,20	-1,04	3,31	-2,89	-0,54	0,05	0,20	3,44	3,46	1,59	-0,20	6,53	2,20	3,40	3,33	2,98	8,62	6,84	6,52	4,15	7,85	8,99	8,24	3,30	8,64	9,63	5,45	6,97	4,15	7,53	8,26	10,09	5,61	3,63	3,84	1,56	8,43	0,20	2,58	2,30	5,12	0,63	0,49	1,56	-4,05	2,08	-3,32	-4,31	0,53	3,94	2,38	-0,04	-0,96	0,12	0,35	0,07	-3,36	-4,97	-3,75	-10,91	-7,11	-5,35	-7,24	-5,99	-4,04	-3,12	-5,00	-6,54	-4,26	3,07	6,59	-0,85	-3,67	-3,56	-3,19	-1,53	-1,10	6,08	5,51	-4,03	-9,72	-9,04	-10,13	-10,27	-7,68	-7,49	-3,00	-2,22	-10,71	-3,08	-0,35	-2,14	-2,31	-1,28	5,62	0,16	0,45	3,67	4,29	-2,17	-5,45	-4,10	1,54	-4,42	-1,39	0,61	1,82	3,69	1,74	2,17	1,42	6,25	3,24	2,08	3,33	4,86	7,10	8,66	5,16	3,85	3,65	6,44	7,49	4,26	7,28	8,72	10,52	7,33	7,97	7,69	10,75	10,45	5,00	6,17	6,90	3,84	8,74	0,80	3,36	3,92	3,58	2,00	1,44	0,12	-5,03	0,99	-5,22	-6,82	-3,78	1,98	3,51	2,41	0,29	-2,86	0,74	-0,77	-1,15	-1,71	-2,13	-7,49	-2,48	-5,28	-6,19	-0,01	-0,78	-4,03	-3,29	-7,85	-3,82	2,67	2,51	2,79	0,21	2,39	2,94	-3,65	-1,55	1,22	2,50	-5,87	-11,06	-10,24	-10,79	-11,84	-9,63	-5,48	-2,13	-5,69	-10,83	-1,03	2,96	-1,20	-0,57	-3,36	-0,39	-1,94	-2,05	2,96	2,70	-2,61	-5,45	-4,78	1,25	-0,30	0,98	3,28	3,39	6,63	1,85	2,37	3,72	9,06	1,41	5,37	2,39	3,07	12,46	8,66	5,45	3,19	7,51	6,92	5,59	4,32	6,05	6,17	8,30	6,26	3,68	11,56	4,48	8,15	4,67	5,91	5,96	2,58	8,93	3,07	3,74	6,24	7,21	4,55	1,24	-0,31	-3,03	1,44	-3,26	-5,70	-2,78	4,15	3,35	-1,80	3,07	2,53	-0,34	0,10	-3,83	-3,14	-1,82	-11,09	-0,48	-1,99	-6,31	-3,63	-4,12	-5,82	-2,00	-6,60	-3,22	2,66	1,96	-2,53	-3,86	-2,89	-4,48	-5,21	-2,20	1,37	2,25	-6,45	-10,77	-10,48	-11,29	-11,38	-10,02	-5,21	-1,15	-1,62	-10,86	-2,25	0,79	-0,68	-0,36	-0,59	-0,69	0,55	-0,73	1,07	2,23	-3,14	-3,47	-3,40	1,77	-3,24	0,24	1,31	0,66	3,98	4,53	4,11	1,78	6,44	0,98	1,93	2,76	2,09	10,69	12,05	8,55	6,82	8,96	6,01	8,40	5,77	7,74	3,96	7,05	5,77	6,18	5,94	5,81	11,65	4,59	5,26	7,82	0,87	4,38	-0,07	3,05	4,26	5,07	2,24	1,64	-0,80	-1,52	1,68	-2,10	-5,00	-1,06	3,64	1,78	0,61	0,06	0,01	-1,46	-1,77	-1,80	-1,21	-0,93	-8,53	-2,93	-3,41	-5,11	-2,61	-3,16	-5,31	-1,91	-4,80	-2,97	3,12	3,06	-0,73	1,38	-2,79	-0,74	0,04	-2,80	2,82	4,79	-6,93	-10,88	-10,34	-11,38	-11,82	-5,66	-6,29	-2,84	-2,32	-5,27	-3,01	1,91	-2,07	-0,66	-1,02	-2,25	-2,54	0,64	3,45	4,05	-2,85	-4,96	-4,93	3,65	-1,50	-0,60	-2,01	1,72	4,96	5,39	3,85	1,10	6,68	1,49	7,79	3,30	2,06	6,33	6,99	4,15	4,35	8,10	6,46	10,50	6,92	7,92	8,74	7,83	5,71	5,52	2,85	5,40	11,53	6,18	5,97	6,44	3,54	6,11	1,46	4,93	4,84	4,72	1,48	-1,42	-4,05	-3,80	5,60	-2,06	-4,93	-1,74	5,10	5,05	-2,42	-2,86	-3,25	-0,69	-2,20	-4,09	-2,42	3,10	-7,33	0,36	-3,12	-3,85	-2,45	-1,75	-1,28	-1,45	-5,11	-2,95	1,06	0,94	-0,08	-3,23	1,34	-2,48	3,07	0,89	1,25	1,10	-6,63	-9,93	-6,58	-9,77	-11,71	-9,54	-5,75	-3,42	-3,42	-10,79	-2,84	-1,22	-0,67	-1,55	0,69	2,95	-2,37	-1,07	9,80	7,36	-0,97	-3,46	-0,51	-0,98	2,18	1,52	0,32	3,86	5,00	6,68	4,85	4,63	7,41	2,06	6,18	3,75	5,03	11,62	8,16	7,52	5,62	5,43	7,39	8,27	4,37	5,35	9,23	8,40	5,66	7,32	5,57	8,95	9,24	6,74	7,34	10,34	0,15	13,57	4,15	5,07	6,23	8,39	6,46	7,50	2,10	-4,27	6,00	-1,39	-2,39	-0,15	3,16	0,99	1,27	5,57	2,97	-3,10	-3,70	0,99	-1,65	2,53	0,07	1,58	0,21	-4,73	-2,27	-1,09	4,30	-2,86	-8,22	-2,15	6,06	2,37	-2,01	-0,44	3,84	1,47	5,09	-1,26	1,27	0,53	-12,12	-13,71	-13,81	-3,70	-14,17	-5,65	2,06	-0,41	2,89	15,42	-1,84	-3,12	-2,05	1,48	3,95	-1,16	-1,64	-1,53	-4,03	1,95	11,29	10,78	12,98	-4,71	-4,64	4,80	5,07	9,82	7,03	-2,42	0,41	-0,38	-5,20	-0,64	-0,41	-1,97	-2,34	-1,34	-4,17	-3,59	3,40	5,92	5,24	-1,71	-3,17	2,45
-1,00	-2,04	-4,03	2,16	-2,97	-2,19	-3,14	-6,24	-1,75	-1,45	-7,25	-7,13	-1,37	-6,87	-8,76	-7,39	5,87	8,09	4,11	-5,13	-1,13	-0,93	-1,34	-0,50	-1,35	-2,22	-2,67	0,74	9,93	10,50	11,87	9,21	10,04	9,59	9,61	-0,67	-1,47	0,82	-4,33	-2,91	-3,00	-0,14	-11,07	-1,07	-0,90	-1,19	7,23	-0,10	-3,60	-7,04	-12,04	-12,23	-1,47	8,48	8,70	11,45	1,27	2,16	3,20	4,33	3,47	2,00	-1,57	3,44	-2,77	-4,29	7,82	5,97	9,93	8,73	7,61	4,45	2,67	-4,61	7,19	9,48	6,37	7,19	3,34	1,56	0,95	-2,96	2,36	9,65	8,94	4,35	1,32	4,24	3,60	7,40	6,58	4,68	5,32	4,54	3,62	10,61	9,62	8,42	6,39	6,98	11,00	6,79	8,17	7,66	9,02	7,14	7,88	5,87	6,16	9,63	4,65	5,58	4,34	7,25	9,37	8,79	3,99	0,00	1,19	5,60	8,05	4,22	1,07	3,57	2,31	3,42	3,13	11,07	9,77	6,71	-3,67	-8,52	-8,65	-3,48	0,75	7,32	4,89	-4,11	-0,90	-4,73	0,13	-1,70	-8,25	1,49	1,90	1,90	7,76	-2,09	2,54	1,26	1,44	1,16	0,87	7,38	7,65	7,46	-3,90	-6,61	1,09	-4,49	-1,53	-1,41	-5,38	-0,54	-5,36	-1,34	-2,09	7,47	6,99	3,29	-0,07	-5,47	-3,77	-7,71	3,62	4,61	7,54	2,12	2,58	0,91	-3,05	-3,97	4,39	5,97	7,98	2,58	-0,01	1,26	5,19	8,26	3,69	2,92	4,27	4,17	7,36	7,51	9,15	7,74	5,56	5,28	6,63	8,53	9,18	8,71	4,65	5,03	5,56	6,92	10,84	10,26	4,50	6,11	4,29	5,69	6,20	2,77	3,49	-1,44	6,70	8,02	6,22	1,69	-1,50	-3,86	-1,12	1,50	3,99	4,98	2,27	1,28	-7,26	-6,48	-6,84	-1,54	2,31	7,68	3,82	-2,80	-4,35	-5,05	-1,67	-4,06	-10,98	-2,59	-2,67	-2,77	2,43	-2,34	-1,95	-2,89	-2,97	-2,76	-1,41	9,70	4,15	7,63	-3,84	-3,84	-0,25	-1,71	-3,08	-4,74	-6,21	-0,36	-6,17	-2,72	-4,95	1,36	4,90	1,51	-2,23	-6,37	-7,26	-5,00	5,05	5,14	8,78	4,45	5,37	1,71	-1,09	0,34	3,35	5,86	6,23	2,40	-0,22	2,62	2,58	9,37	5,92	3,43	4,17	7,23	9,75	10,07	3,59	7,03	6,18	4,50	8,32	5,47	7,15	8,91	8,90	6,77	8,38	5,76	7,87	8,84	5,63	3,32	4,22	6,65	6,74	5,95	3,68	-1,06	1,99	7,02	4,73	0,03	-3,32	1,99	5,68	6,80	6,56	5,62	1,98	2,03	-7,04	-8,40	-8,23	-3,74	0,86	6,45	4,67	-2,43	-3,56	-4,65	-1,84	-4,47	-11,15	-2,08	-1,91	-1,72	5,64	-1,28	-1,19	-3,92	-3,45	-3,79	-1,48	6,75	5,21	6,77	-1,64	-4,93	-0,08	0,30	0,99	-2,35	-3,11	-2,19	-5,82	-2,29	-3,58	6,04	6,61	2,09	-2,34	-5,48	-5,26	-6,46	5,58	5,67	8,00	4,83	4,68	-0,48	1,43	0,30	1,62	5,08	9,25	3,49	-0,60	1,65	3,69	4,59	5,50	4,88	3,73	5,13	6,44	7,93	6,10	4,95	5,52	6,81	7,15	3,17	4,97	6,82	5,62	6,30	12,44	8,57	10,21	8,27	4,70	4,33	2,47	5,21	6,70	1,96	4,57	-0,34	4,05	3,89	1,06	0,38	-3,07	-1,18	-0,05	4,15	4,67	8,93	7,36	6,89	-4,80	-5,78	-2,70	1,96	5,86	6,33	5,42	-6,26	-3,39	-4,99	-5,10	-3,71	-8,08	-1,06	-0,90	-0,87	2,11	-2,95	-0,62	-1,15	-0,41	-0,43	0,96	9,25	6,04	7,84	1,05	-3,56	0,61	0,43	-2,40	-7,50	-5,13	-4,23	-4,98	-3,50	-3,12	4,19	5,04	1,46	-2,35	-6,54	-6,97	-7,16	3,06	3,50	5,16	3,47	3,72	1,41	-1,74	-3,41	2,64	6,34	6,99	6,80	0,86	0,92	4,79	7,57	4,67	3,17	5,24	5,45	7,75	6,69	3,73	6,41	4,49	8,00	8,43	8,42	8,64	7,01	7,82	5,66	8,40	4,02	9,61	9,66	4,08	8,04	3,25	5,87	8,59	3,19	0,60	-2,06	1,58	8,20	6,68	1,67	-5,56	-2,75	1,75	2,06	1,97	6,38	4,29	3,15	-6,47	-8,70	-8,54	-3,39	1,09	6,55	3,65	-1,81	-2,38	-7,91	0,41	-1,52	-8,35	-1,69	-1,94	-1,15	2,44	0,97	0,56	0,10	1,50	1,15	-0,16	9,25	7,04	9,02	0,15	1,20	2,77	-0,47	0,32	-4,80	-6,43	-2,62	-6,06	-2,34	-5,05	5,56	6,48	0,86	-3,15	-7,31	-7,85	-6,31	4,29	3,94	6,15	2,66	3,00	0,82	-1,30	-3,16	3,42	5,52	7,68	3,61	-0,13	2,48	4,39	8,75	4,01	4,12	3,83	5,93	6,03	9,08	3,63	6,68	7,42	5,95	7,07	7,32	4,87	9,68	8,14	6,59	7,42	7,20	7,04	9,32	3,06	6,86	2,66	3,23	6,40	2,19	4,95	0,13	4,07	8,52	5,86	2,93	-2,88	-0,88	-0,74	4,00	3,83	7,32	5,57	4,10	-5,76	-8,68	-8,78	-1,70	1,96	8,39	5,34	-3,41	-1,87	-6,27	-3,25	-3,91	-8,44	3,27	3,14	2,68	4,73	-5,56	-2,09	-2,85	-2,59	-2,88	-0,65	5,77	4,68	6,92	-2,33	-4,06	2,44	-0,28	-0,44	-4,01	-3,79	-2,40	-5,40	-1,72	2,40	5,79	6,79	-0,96	-5,85	-7,91	-5,49	-4,58	2,07	2,36	6,54	5,37	4,30	-0,45	-1,50	-3,50	0,83	4,14	7,83	4,20	-0,21	2,26	4,36	6,84	3,88	3,40	5,75	4,62	7,88	10,40	9,26	9,69	7,23	8,17	9,28	9,32	8,26	8,14	6,56	7,85	10,04	5,75	8,21	6,14	3,16	3,85	4,90	3,52	5,35	3,15	3,21	-2,09	1,20	8,39	6,78	1,55	-4,05	-2,28	1,38	4,97	4,28	5,06	6,54	3,95	-3,12	-7,37	-7,32	-2,51	1,76	5,56	5,96	-2,61	-3,69	-3,42	-3,20	-6,55	-10,80	-0,84	-0,68	-0,93	5,09	-2,24	-1,21	-1,97	-1,51	-2,56	-2,57	5,59	5,22	10,78	-1,88	-2,78	5,28	3,93	-0,02	-3,82	-2,82	-2,82	-3,81	-1,84	-2,51	5,32	8,84	3,44	-1,08	-7,55	-8,26	-6,59	2,43	2,53	7,14	3,35	2,19	-0,76	-0,77	-2,32	0,69	8,05	6,07	2,87	-0,97	1,59	3,14	6,27	7,45	4,81	4,51	5,77	10,62	10,97	7,38	8,61	6,79	7,43	6,28	5,50	8,36	7,74	5,75	5,63	9,31	7,98	11,33	9,90	3,27	2,86	3,59	6,36	7,63	2,41	3,43	0,73	3,71	5,96	6,74	2,70	-0,52	2,52	3,40	4,16	4,85	8,73	5,59	4,52	-3,54	-7,13	-6,09	-3,05	1,67	6,61	5,25	-0,66	-4,49	-5,71	-2,16	-5,59	-4,25	10,76	8,16	10,66	5,14	-1,80	9,52	5,91	10,31	7,16	5,87	7,05	6,44	10,03	-1,60	-2,48	3,58	-1,14	2,17	-4,05	-1,57	-1,39	-6,94	0,68	-1,64	4,71	7,88	0,69	-3,32	-7,51	-7,55	-4,53	4,86	6,00	7,82	3,19	1,06	-1,07	3,05	-0,35	4,50	6,18	8,74	2,92	-0,98	1,64	3,48	8,05	5,79	2,71	6,80	3,85	13,59	6,69	7,42	11,16	7,24	7,40	8,33	7,88	5,17	12,31	6,68	5,80	8,03	3,54	10,08	11,31	4,54	8,97	3,68	7,35	12,43	5,73	6,72	3,55	7,13	8,40	7,94	5,42	-3,82	-1,27	2,85	4,74	4,60	9,08	9,62	7,15	-0,85	3,04	-0,59	5,50	11,44	11,03	10,40	4,68	1,83	-3,96	1,11	-1,82	-0,75	1,11	2,31	-1,72	-3,85	-1,89	6,49	5,24	6,43	5,13	-0,92	5,11	-5,11	-3,42	-0,70	0,56	-0,71	1,71	1,46	-1,07	-2,54	2,22	0,83	-2,02	-4,14	-1,28	-2,52	6,79	10,63	8,50	9,78	10,56	14,09	10,01	0,64	2,87	4,48	-0,49	-1,12	0,23	-2,28	-1,93	-2,16	6,44	8,78	11,64	-1,39	-4,18	-4,02	-1,48	-5,91	-6,04	-2,48	-0,18	-0,25	-2,26	-4,29	-3,07	7,47	-4,41	-4,91
0,00	-4,25	-4,31	-2,19	-4,09	-4,60	-6,52	-1,65	7,03	5,62	-0,64	-9,64	-10,06	-4,62	2,29	-0,76	-2,39	-0,48	2,65	5,20	-5,39	-5,01	-1,99	-0,26	0,06	-2,04	14,31	10,23	8,78	13,52	9,71	-0,79	0,60	1,61	-0,13	2,57	0,72	-2,24	-1,25	-3,15	-2,99	-0,63	1,32	2,14	5,59	-0,05	0,13	-0,85	0,72	-0,08	3,03	2,85	2,28	3,74	4,03	-3,28	-1,64	-5,53	-2,64	-1,05	-2,57	-4,24	-6,61	4,76	-0,98	-5,56	-3,01	5,87	-3,69	-1,07	7,57	9,51	3,08	1,78	-2,50	3,74	0,75	4,99	7,87	7,14	0,46	1,50	2,10	-0,08	6,11	4,55	0,77	4,42	5,25	4,61	7,27	7,53	7,11	5,40	7,24	8,11	9,49	5,06	5,37	10,77	6,59	8,56	8,53	8,48	9,94	10,82	6,01	5,67	11,17	5,30	5,89	6,71	3,68	4,80	6,27	5,93	3,37	2,64	2,02	-3,16	1,90	0,77	1,93	5,04	9,93	8,02	-1,62	-6,09	-2,61	-8,50	-8,53	-0,81	1,14	-3,16	-1,85	-3,24	-1,55	-2,39	-4,41	-0,28	3,18	-7,34	-3,44	-0,79	-0,66	-0,86	1,41	5,07	-1,07	1,50	-0,80	0,90	4,91	1,39	4,84	1,49	-0,90	-2,32	-4,30	-2,29	-1,78	-4,33	-6,37	1,29	0,07	-6,28	-0,97	-0,87	-2,52	-3,15	1,43	2,50	0,31	-5,54	-7,98	-4,81	-5,67	-0,55	7,21	4,36	0,53	0,52	3,37	1,69	2,16	5,57	0,59	1,14	4,63	5,08	2,58	2,78	2,79	6,16	2,46	10,22	7,75	6,71	6,29	7,70	7,83	9,26	6,21	6,20	5,71	7,59	3,29	5,00	8,57	4,63	7,39	6,30	4,39	5,66	4,38	4,04	3,50	4,57	6,62	2,57	3,77	4,94	-0,46	0,41	4,32	2,30	0,27	-4,88	-4,48	-3,91	-6,27	-4,37	-1,50	-0,34	-3,21	-0,79	1,88	0,08	-6,89	-3,55	1,71	-7,06	-3,71	-0,33	1,68	-1,22	0,22	3,96	-0,52	1,42	-0,80	0,57	1,88	0,62	2,50	-2,06	-1,26	-2,73	-3,62	-2,12	-1,30	-5,65	-7,01	1,75	-5,94	-8,26	-2,15	-1,88	-2,57	-2,46	2,79	0,33	-2,17	-8,52	-8,47	-7,64	-7,21	-2,97	6,85	3,96	1,22	0,41	3,64	4,02	0,75	2,68	3,82	3,49	2,92	1,59	2,16	2,16	3,37	4,45	5,12	9,15	8,34	7,82	6,70	6,43	9,45	7,55	9,08	6,52	6,05	4,42	4,40	4,62	8,29	5,33	6,26	3,26	3,23	5,81	6,80	5,06	5,89	3,73	3,67	5,23	3,80	0,11	0,20	4,96	10,12	10,23	-1,67	-7,11	-6,74	-7,32	-8,21	-2,51	-1,88	-1,76	-2,79	-0,81	1,22	-0,12	-5,89	-2,71	2,74	-4,48	-3,07	-2,28	0,07	-2,42	-2,50	-2,30	-3,38	-0,26	-0,82	1,74	0,41	0,28	4,33	-0,93	4,60	-1,25	-1,40	-1,98	-2,09	-5,28	-7,92	-0,24	-2,42	-6,10	-2,90	-3,00	-1,71	2,74	-1,62	-2,51	-1,20	-5,90	-6,63	-5,22	-3,87	-0,70	3,57	6,72	0,47	0,08	2,39	1,00	0,47	3,84	4,43	3,25	2,42	1,17	3,22	1,94	3,09	6,04	5,35	8,72	6,96	6,31	7,34	7,79	8,34	5,64	6,98	6,73	8,51	7,77	4,65	8,57	11,61	5,76	3,98	4,02	2,75	5,27	5,33	4,21	3,96	1,47	0,41	-0,97	0,01	0,64	0,47	2,68	6,04	6,01	3,32	0,67	-1,73	-4,39	-3,67	-0,92	-1,72	-1,90	-2,34	-0,61	-2,67	-2,05	-6,45	-2,97	-0,07	-7,74	-4,41	-1,08	-1,54	-4,08	-4,00	-2,16	-1,95	3,01	0,44	2,58	0,83	-0,13	0,37	-2,32	-1,53	-1,08	-4,79	-4,67	-4,04	-7,07	-7,39	1,90	-2,43	-5,51	0,04	-3,41	-1,53	-2,30	-1,08	-2,25	-6,82	-6,01	-5,46	-5,20	-5,36	0,32	7,41	7,17	1,84	0,80	3,84	2,90	2,27	4,25	2,79	2,29	1,60	1,57	1,67	1,70	4,70	6,28	7,51	8,50	7,15	6,64	5,15	8,10	8,31	5,43	8,14	7,59	5,94	7,83	9,09	9,06	6,35	7,24	4,61	5,40	3,44	4,16	3,29	4,70	4,75	2,04	2,45	-0,27	2,91	0,96	-1,22	1,12	7,36	6,69	-2,40	-7,21	-6,60	-6,83	-4,09	-0,70	1,84	-2,91	-1,87	-3,15	-2,88	-3,30	-3,53	-0,14	0,28	-4,36	-5,25	-0,39	-2,23	-4,83	-3,67	-3,31	-4,30	2,61	-0,15	1,52	0,23	0,55	1,13	-1,90	-0,33	-1,53	-4,02	-3,35	-2,14	-4,84	-8,19	4,29	-1,99	-6,81	-1,64	-0,59	-4,24	-3,09	-3,01	0,78	-1,14	-7,41	-8,63	-8,70	-7,69	-0,26	8,81	9,32	-0,21	-1,57	1,55	0,42	1,75	2,45	4,62	3,06	4,94	5,69	4,18	2,60	2,03	5,15	4,43	5,95	2,70	3,58	5,76	6,44	8,75	8,45	7,51	9,25	8,28	6,33	2,22	9,29	10,22	9,10	5,06	4,03	6,38	0,91	7,37	4,85	5,43	2,39	1,23	1,66	1,85	2,46	1,49	4,60	9,29	3,50	-1,22	-7,73	-7,69	-8,43	-8,33	-1,76	-4,12	-1,93	-2,02	-4,24	-2,89	-3,02	-4,49	-2,93	3,00	-6,42	-2,08	-1,89	1,19	-1,60	-1,79	-1,98	-3,78	-1,18	-2,45	1,73	2,61	-1,30	0,65	-3,21	-0,30	-1,92	-3,25	-0,46	-1,63	-2,83	-8,14	3,55	-2,26	-4,21	-0,98	0,87	-1,34	-0,08	-0,40	1,00	-0,28	-5,56	-8,95	-7,94	-8,44	-1,66	10,60	5,86	0,63	-0,73	1,37	4,04	2,89	2,88	5,94	3,64	5,04	6,48	4,37	2,50	3,44	4,87	9,00	10,30	8,08	7,45	6,21	7,70	9,92	9,69	8,43	7,94	10,02	5,90	5,65	3,75	8,11	7,70	8,01	3,02	-0,10	4,73	4,03	3,87	5,02	2,33	3,80	1,97	4,15	3,52	0,05	1,00	9,36	8,94	-0,54	-6,47	-6,57	-4,63	-5,55	-0,68	-0,11	-1,38	-1,96	-1,88	-0,73	-1,27	-3,56	-2,94	3,64	-8,40	-7,30	-3,99	-4,49	-7,12	-3,44	1,16	-2,76	2,62	0,84	4,02	3,34	2,22	3,00	1,90	-0,19	-2,15	-5,33	-3,24	-3,48	-5,62	-8,51	2,46	-7,25	-3,11	-4,30	0,08	-3,81	-1,49	-1,57	-0,96	-3,94	-7,57	-7,72	-5,89	-5,91	0,13	6,67	7,05	0,08	1,49	4,45	3,10	1,34	2,72	3,51	1,45	4,03	6,66	4,03	4,34	2,05	4,49	8,98	9,97	6,42	6,67	7,52	9,19	8,44	8,38	8,05	9,43	9,04	5,63	3,41	7,07	9,32	5,31	2,41	1,31	3,77	7,25	6,22	4,07	7,14	3,18	4,38	1,49	2,69	3,90	2,39	1,35	6,59	6,91	-1,87	-7,58	-7,56	-8,57	-8,04	-2,68	1,30	2,52	-3,04	-3,43	1,34	-1,37	-5,98	-2,10	1,41	-8,00	-6,78	-3,93	2,06	-5,11	0,21	0,45	-1,45	3,13	1,60	2,04	0,90	0,24	2,65	-0,11	1,67	-0,18	-0,92	0,81	-1,24	-3,84	-6,42	3,80	-3,28	-5,47	-1,98	1,08	-1,69	0,80	1,61	0,22	-2,91	-8,61	-6,56	-6,10	-5,17	-2,13	6,00	5,65	-1,60	0,41	3,62	2,00	0,90	2,88	8,81	4,29	5,16	3,20	5,94	3,95	1,07	5,26	6,18	13,22	8,73	8,60	7,39	8,23	7,60	7,48	10,42	7,80	8,15	11,05	7,05	7,58	6,24	7,17	9,01	4,60	6,21	4,84	5,89	11,08	3,71	4,04	8,07	4,93	2,61	4,99	3,92	3,24	7,48	8,53	6,34	6,27	2,84	-0,57	4,54	0,51	1,01	0,04	-1,04	-1,72	1,13	-3,71	-6,24	-2,35	4,48	-7,12	1,03	1,94	1,10	-1,53	-2,17	-1,82	-4,48	2,97	2,15	-1,70	0,25	4,16	2,42	-0,67	-0,56	-2,97	-2,14	-2,99	-1,77	0,67	-1,17	0,27	-0,75	-5,11	1,08	4,01	-0,82	-2,62	-3,81	-1,46	1,25	7,98	10,16	11,54	14,27	14,10	-0,62	4,44	1,81	-1,27	-2,07	-2,98	6,37	5,47	-1,30	-2,63	-2,62	-2,43	-2,94	-7,98	-7,47	-0,52	-0,29	-0,75	-2,07	4,02	-4,17	-2,64	-3,82	-3,20	-3,75
1,00	-6,11	-5,24	3,67	1,58	-1,25	6,49	-1,40	-1,66	-0,15	-6,83	-7,24	-2,75	-7,78	-7,39	4,89	5,55	1,79	-1,44	-1,50	-1,10	-3,12	10,74	7,38	10,28	14,52	-4,22	-4,96	5,43	8,59	8,89	-5,20	-3,68	-0,77	-1,88	-0,45	6,55	6,03	5,98	3,46	1,41	-2,41	0,26	2,85	-0,27	-6,13	0,87	4,69	1,36	-3,96	1,32	0,55	4,91	0,66	-2,21	-4,64	-4,21	-2,16	3,33	3,99	4,41	-2,46	1,91	1,42	-1,50	-0,82	2,93	-0,67	5,03	11,29	4,96	4,26	3,93	-3,27	7,87	9,33	7,87	3,35	3,67	3,23	1,79	-1,10	1,67	2,90	4,05	6,89	1,63	4,12	4,54	9,03	6,18	4,70	7,34	10,17	6,96	6,39	7,27	9,38	5,19	7,90	10,23	6,01	5,48	6,75	5,85	6,53	8,80	8,35	9,53	9,58	6,09	7,08	5,37	6,46	6,44	2,75	4,39	0,61	2,29	4,59	1,40	3,43	-7,46	-4,44	-6,53	-7,03	-0,00	8,39	2,33	3,81	-5,51	-3,48	-3,62	2,76	6,07	3,22	-2,75	1,29	-2,18	-1,88	0,03	-4,10	-5,80	-1,10	3,06	-1,40	-3,11	3,76	1,93	-3,42	-1,48	1,37	2,51	0,83	-1,37	-1,65	-3,29	5,99	8,93	9,54	8,49	-4,68	-2,99	-1,43	-0,38	-1,93	-1,31	-2,51	-2,00	7,42	5,12	1,18	-0,18	-6,70	0,50	1,63	6,74	1,97	-2,72	-3,44	-2,99	-5,71	5,79	4,73	4,69	4,08	-1,90	3,39	-0,42	2,81	4,71	4,55	2,77	7,23	5,33	5,42	4,28	4,80	6,80	7,97	8,43	7,29	6,58	6,68	5,15	6,78	10,70	5,93	9,66	5,54	6,90	2,19	4,96	6,26	5,50	2,34	4,57	0,79	5,03	2,07	2,04	6,37	-5,28	-3,44	-4,60	-5,17	-1,60	5,76	4,49	4,19	-6,31	-3,36	0,31	2,68	5,34	2,50	-2,00	-2,48	-4,04	-0,67	-2,65	-4,59	-6,40	0,49	3,18	1,03	-4,18	4,43	-0,72	0,69	4,41	-5,84	-6,18	-5,97	-7,64	-9,51	-1,97	3,36	0,18	0,23	-0,24	-11,18	-5,00	-2,57	-5,14	-4,99	-0,58	-3,07	2,51	7,02	3,98	-1,61	-1,45	-4,28	7,25	8,57	4,21	1,22	-6,60	-6,66	-4,75	-7,38	5,29	1,59	2,19	7,62	-1,11	4,05	3,63	6,12	5,38	2,12	3,69	7,09	4,59	4,96	5,60	8,29	6,57	3,20	5,80	6,74	5,74	7,26	6,28	6,05	4,68	3,56	6,20	3,29	6,30	4,33	3,19	5,82	4,22	0,53	3,83	-0,57	3,79	3,31	3,31	1,38	-5,74	-5,09	-6,46	-5,06	0,26	7,29	3,69	3,31	-5,58	-1,31	1,30	4,44	7,33	2,86	1,47	0,65	-3,75	-5,04	-1,91	-3,64	-1,57	1,61	0,76	0,24	-5,26	-2,27	-3,53	-2,08	0,51	-7,83	-7,51	-7,15	-3,13	-3,29	0,84	0,14	-2,41	-2,56	-2,41	-11,49	-3,12	-0,84	-4,05	-4,41	-0,20	-0,57	1,29	6,23	2,33	0,41	-2,66	-5,69	3,24	4,24	5,26	2,07	-1,42	-3,87	-2,04	-4,36	2,72	2,85	2,22	6,64	-2,06	4,03	2,79	3,89	2,83	2,86	1,84	4,07	4,90	6,44	5,64	7,99	6,35	5,08	8,35	7,32	3,92	5,37	5,49	6,80	9,87	6,16	6,80	4,76	4,24	4,88	2,93	8,19	3,22	1,82	4,84	-1,74	5,90	3,46	1,56	2,71	-4,32	1,97	-0,73	1,04	-1,41	7,14	5,46	5,39	-4,51	0,08	0,17	1,38	2,82	3,60	-1,47	-1,70	-4,96	-5,49	-1,51	-5,30	-7,27	0,94	1,31	-0,07	-5,32	1,90	0,38	-3,27	4,45	-7,14	-6,16	-6,70	-9,37	-7,41	0,49	2,96	-0,27	0,20	0,04	-11,14	-3,42	-3,33	-1,61	-4,13	-2,17	-3,36	2,42	5,35	5,41	-0,27	-2,46	-6,98	2,74	1,87	7,17	-0,16	-4,49	-2,78	-4,41	-5,18	3,83	5,63	2,79	4,99	-1,52	3,31	3,66	2,82	5,25	2,64	3,39	4,77	4,25	3,20	6,44	8,84	5,95	4,63	6,57	6,68	5,74	7,55	5,02	7,24	5,71	5,41	7,16	5,90	6,52	4,41	3,57	6,08	3,91	1,61	2,23	-1,98	5,52	1,79	3,98	3,11	-4,67	-5,70	-6,63	-6,32	2,99	6,48	3,74	3,10	-3,29	-1,05	-1,05	1,51	6,08	3,58	-0,98	1,36	-6,30	-6,25	-5,90	-6,38	-6,93	4,20	0,04	0,03	-5,49	-1,71	-2,05	-1,30	3,10	-5,99	-5,86	-3,85	-5,24	-9,56	-4,92	2,39	-1,24	-1,25	-0,95	-11,55	-3,53	-1,49	-3,53	-5,08	-2,10	-1,87	4,18	5,57	1,55	-0,55	-2,90	-7,51	2,26	2,59	7,65	6,32	-4,12	-5,36	-3,22	-6,13	1,37	0,62	1,93	3,53	-0,74	3,23	3,46	4,14	7,84	3,19	4,91	9,23	4,15	7,39	7,11	9,04	7,37	6,07	5,54	5,34	4,90	7,53	5,26	4,69	8,17	6,04	5,19	7,22	7,47	2,69	1,46	5,31	5,25	1,82	2,95	-2,51	5,99	2,78	3,84	2,59	-6,98	-5,07	-7,04	-6,89	1,36	5,49	3,67	2,66	-7,55	-1,29	-1,92	2,89	5,71	4,94	-3,76	-3,48	-5,60	0,04	-3,19	-3,81	-4,95	0,61	1,23	2,72	-4,70	-0,83	0,30	-4,15	-1,02	-8,96	-7,22	-5,07	-9,37	-8,75	-2,12	7,68	0,91	0,88	1,50	-10,32	-2,93	-3,12	-1,88	-5,14	-4,74	-2,83	0,42	4,14	2,03	-2,20	-1,62	-7,23	3,65	4,10	3,21	2,89	-3,65	-4,18	-4,99	-7,45	0,93	3,20	3,67	4,73	1,39	3,91	2,59	3,88	6,22	2,26	1,61	7,33	6,24	7,05	4,33	10,44	6,85	5,58	6,39	6,26	3,09	6,95	7,75	7,50	7,78	5,41	6,35	4,50	7,51	2,81	2,54	7,00	4,70	-0,04	5,00	0,27	7,69	4,34	2,69	0,98	-5,19	-3,31	-5,19	-5,23	-0,12	6,74	3,87	3,76	-5,09	-1,39	-1,25	2,02	2,81	0,11	-1,33	0,51	-2,68	-2,01	-1,25	-2,13	-6,30	0,37	2,67	-1,71	-7,05	-1,26	-3,26	-2,14	3,34	-6,52	-6,45	-7,96	-5,29	-4,58	1,84	4,03	-1,21	-1,32	-0,89	-11,36	-1,94	-3,35	-5,72	-2,46	-3,24	-3,45	4,21	5,10	1,77	-3,30	-5,67	-4,49	6,33	6,52	5,75	-2,57	-5,74	-4,73	-3,82	-5,26	2,91	1,60	1,36	6,97	0,67	2,58	2,76	6,44	7,44	5,32	4,29	7,10	7,94	8,26	9,58	7,63	5,37	5,66	7,50	6,76	5,74	7,99	4,31	5,16	5,80	5,16	7,46	4,79	4,80	3,11	4,82	6,74	3,92	1,46	6,97	-1,24	4,52	1,32	1,95	2,24	-4,69	-4,11	-2,86	-4,92	4,11	5,43	2,28	1,60	-7,29	-1,75	-1,69	1,77	4,91	3,29	-2,11	-0,35	-5,57	-5,16	-4,03	-3,86	-5,89	-3,59	4,32	-2,14	-5,92	-1,19	-3,30	-3,12	4,48	-7,95	-8,24	-8,30	-7,47	-6,80	5,50	5,69	0,23	-0,03	0,34	-11,44	-2,71	-2,43	-2,00	-5,13	-3,59	-2,04	3,88	7,75	6,05	-0,45	-1,62	-7,77	3,05	3,64	6,06	-0,20	-5,37	-6,84	-4,87	-6,14	2,11	2,42	1,89	3,28	-0,91	5,70	4,20	6,67	9,23	2,63	0,97	6,83	4,57	7,02	9,68	8,92	6,70	4,79	7,38	7,56	7,06	9,91	10,08	6,99	7,47	7,95	8,57	7,30	9,61	4,07	4,59	6,61	7,00	3,71	7,58	0,91	5,51	2,24	2,39	6,98	-2,49	2,54	1,66	2,19	1,26	9,16	11,31	8,85	-3,30	1,69	2,92	4,22	6,99	3,87	-0,09	4,37	-2,47	0,48	2,05	0,25	-1,52	-2,11	0,49	0,73	-1,30	-2,37	-2,61	-0,04	2,73	-10,08	-11,94	-7,16	-11,22	-10,82	7,23	11,35	-0,89	-0,79	-0,79	-11,07	-1,11	2,15	0,56	0,09	1,27	2,08	3,60	-0,54	-2,46	3,14	-1,54	6,89	6,91	7,21	-2,36	-3,22	11,17	10,37	14,68	14,63	0,07	0,44	-1,96	-0,80	6,76	4,55	-0,59	-4,96	-4,47	-0,51	-4,19	-3,91	-0,58	-1,51	-2,23	4,01	-3,28	9,32	7,51	-8,44	-7,97
2,00	-2,95	-3,06	-5,67	2,23	0,93	2,27	0,29	1,21	-2,01	-0,88	-1,96	-2,97	-4,29	-8,57	-4,68	-0,42	2,60	-3,73	12,73	14,29	11,17	10,22	-4,52	11,87	6,07	6,12	2,01	-0,73	-2,38	-3,15	0,61	-0,48	-0,09	-2,75	0,70	0,51	-1,76	-4,20	4,03	8,98	-1,71	-5,67	-1,97	-5,49	-3,30	-11,89	10,27	5,87	3,90	4,43	-2,56	4,81	5,26	-1,97	7,85	5,05	-7,13	-8,97	-4,41	3,46	6,14	3,41	-0,43	0,07	0,52	-0,11	4,75	2,18	-3,04	1,13	3,52	-0,96	7,34	1,82	4,07	5,30	4,41	-0,86	0,91	2,58	-1,08	6,13	4,03	4,21	6,70	5,21	1,71	-1,06	6,01	2,87	3,10	4,96	8,90	9,48	5,59	7,90	5,53	7,55	8,41	7,03	4,94	6,70	8,71	5,26	8,12	2,81	5,71	2,76	5,49	6,54	4,59	2,88	0,35	7,45	-0,61	1,43	3,26	7,19	-1,18	-4,01	0,84	-5,75	1,17	-3,69	-5,00	-1,10	7,67	2,67	-1,80	0,61	-1,15	0,03	-4,39	-3,52	-0,12	4,16	-3,23	-4,04	-3,22	-3,00	-9,51	-6,12	-10,52	-8,46	-11,66	-8,00	1,29	1,18	2,79	0,83	0,15	0,90	1,79	2,29	-1,53	0,43	-7,71	-8,02	-4,35	-5,96	2,74	-0,92	-4,74	-3,58	-1,61	-4,29	6,67	-1,90	-3,44	-1,52	-0,81	-5,00	-1,37	-3,80	3,29	6,40	-0,03	-5,86	-5,13	3,11	-4,01	-4,02	-1,50	-0,58	9,21	1,94	0,83	-1,98	8,88	3,87	5,62	4,53	7,02	6,04	5,61	5,86	3,64	7,12	6,28	6,97	8,87	7,26	7,50	8,77	5,21	2,16	5,67	2,58	14,38	3,52	5,03	4,31	2,05	6,44	-1,34	1,60	5,39	7,23	-0,49	-2,18	-3,14	-5,19	2,24	-5,86	-5,68	-1,49	3,41	1,74	-1,04	-0,22	-4,79	-1,97	-2,06	-5,18	-2,29	4,39	-5,59	-2,60	-2,48	0,23	-4,63	-3,08	-9,40	-8,86	-10,80	0,32	4,03	3,63	0,16	2,44	1,49	2,18	2,52	-0,34	1,54	3,79	-5,46	-6,76	-3,78	-2,40	2,09	2,34	1,30	-5,35	-0,32	-3,32	7,12	-0,09	-0,78	0,63	-3,20	-2,48	-2,35	-5,21	0,73	1,66	1,89	-1,20	-2,80	1,37	-6,45	0,76	-3,38	-1,64	6,13	2,21	2,16	-2,97	7,47	2,38	2,08	3,53	7,25	7,38	3,99	5,13	2,93	6,26	6,00	7,06	7,68	7,62	6,42	7,61	6,14	3,17	3,67	3,53	7,33	7,30	2,69	3,78	2,68	6,23	-1,53	2,16	5,68	4,80	-2,88	-2,76	-1,80	-3,92	0,42	-3,91	-3,95	0,71	3,81	2,94	-4,73	0,73	-5,20	-2,36	0,90	2,44	0,90	7,72	-4,55	-3,18	-5,03	-5,86	-8,66	-3,32	-10,14	-8,57	-10,83	-6,48	3,88	-1,35	-0,81	3,06	1,88	2,81	3,70	-0,07	0,74	3,45	-4,00	-8,24	-1,10	-5,14	3,95	-1,87	-3,12	-3,11	-1,91	-3,90	6,65	-4,43	-5,13	0,22	0,41	-5,58	-1,08	1,43	4,46	5,71	0,50	-3,74	-3,41	3,17	-3,41	-1,14	-0,68	-0,54	7,85	6,78	1,93	-1,35	6,70	1,90	1,52	3,31	4,06	6,95	6,18	4,44	2,77	6,29	3,67	3,03	5,45	3,43	5,99	5,11	5,84	3,41	6,18	4,60	5,41	4,44	4,36	5,00	2,75	8,23	-2,44	1,00	4,51	7,18	1,86	-0,24	-4,34	-7,31	-0,23	-2,54	-3,10	1,01	4,36	4,27	-2,06	-1,62	-6,48	-3,01	-5,35	-6,07	0,61	7,01	-5,00	-3,08	-6,79	-4,04	-8,29	-3,13	-9,95	-9,18	-10,96	-6,32	2,95	2,96	4,67	3,02	-0,53	-0,76	1,01	2,86	3,30	2,89	-3,60	-8,40	-2,88	-6,88	0,45	-7,96	-3,59	-4,15	-4,42	-4,14	5,41	0,48	-3,08	-3,07	0,10	-4,59	-2,25	-1,92	1,03	3,01	-1,44	-8,28	-6,31	2,08	-5,68	-1,75	0,95	-0,09	6,97	4,77	-0,65	-3,36	8,62	4,50	4,16	3,42	5,54	8,67	2,65	3,50	2,88	5,10	8,41	6,96	6,46	5,05	8,12	4,59	8,40	5,02	5,75	3,57	6,37	4,83	4,33	2,85	1,27	4,94	-1,37	0,34	3,54	7,65	-2,16	-1,92	-2,26	-6,01	3,83	-4,01	-4,76	-0,49	3,99	3,18	-1,70	-0,12	-3,25	-2,12	0,46	-1,58	0,58	5,11	-4,01	-5,40	-1,81	-4,71	-6,88	-6,73	-5,76	-9,78	-6,67	-4,63	4,13	2,50	0,34	3,15	1,26	2,89	4,18	-1,04	2,72	0,95	-7,82	-9,69	-5,06	-4,89	1,80	-2,57	-2,67	-3,44	-2,39	-5,26	4,57	-1,73	-3,50	-2,22	-1,27	-4,73	-3,19	-3,01	3,41	6,13	1,34	-5,53	-5,97	-0,15	-6,43	-3,62	-2,16	-1,23	8,22	5,13	0,58	-2,65	5,54	2,54	4,14	1,43	6,83	7,66	4,55	5,91	3,22	6,46	5,79	6,46	6,03	8,83	8,08	7,54	5,59	1,29	2,81	0,18	5,68	9,92	3,76	3,59	0,93	8,33	-1,66	1,67	4,30	5,24	-2,24	-4,36	-3,69	-5,76	-1,56	-5,56	-6,23	-0,04	4,91	4,35	-2,70	0,99	-4,43	-1,93	-2,97	-3,19	-3,45	3,18	-4,63	-3,03	-5,98	-2,48	-9,73	-4,74	-11,50	-10,75	-11,13	-8,85	3,34	4,44	-0,86	0,65	-0,78	3,29	2,21	-2,28	-0,95	0,77	-5,87	-5,44	-5,11	-3,56	-4,15	-3,41	-3,23	-3,68	-3,95	-1,77	4,69	2,98	-3,13	-0,51	-1,45	-3,78	-0,04	-2,51	4,01	2,95	0,57	-3,11	-4,71	1,02	-5,55	-1,72	-3,72	-1,42	7,70	5,22	2,71	-1,47	7,33	1,12	2,53	4,65	6,87	9,46	3,03	3,33	2,66	5,69	7,94	6,57	9,58	6,24	5,28	6,62	7,55	3,78	7,55	4,38	11,32	6,94	3,59	4,50	2,12	6,00	-3,43	2,47	3,86	7,26	-2,39	-1,98	0,48	-3,70	5,47	-6,45	-4,52	-1,82	3,80	3,48	2,08	0,46	-5,89	0,61	-2,33	-1,85	-2,79	7,31	-2,70	-3,16	-1,59	-0,76	-0,83	-2,11	-9,64	-8,13	-10,33	-8,64	2,33	1,95	-0,21	2,73	2,15	1,37	5,55	3,82	2,90	4,38	-5,94	-8,88	-3,69	-7,32	0,33	-4,75	-3,95	-2,07	-2,12	-5,16	2,40	-3,05	-3,56	-1,95	-0,07	-7,05	-0,90	-3,66	3,04	4,57	2,31	-4,19	-2,04	2,36	-4,05	-0,26	-1,00	-0,08	8,58	4,10	1,53	0,30	1,95	0,71	6,49	8,06	5,23	5,87	4,62	5,46	2,56	7,01	10,10	5,26	7,72	7,77	4,81	7,47	6,46	4,00	6,42	3,45	9,01	2,81	5,72	2,80	0,73	6,04	-3,19	3,67	5,29	9,63	-1,18	-2,51	-1,58	-6,43	2,20	-3,56	-4,15	0,83	1,53	4,92	0,70	-0,08	-2,43	0,74	-2,40	-4,53	-1,43	6,61	-3,89	-3,92	-4,92	-0,95	-3,98	1,44	-7,72	-3,08	-5,98	-3,53	1,59	1,77	0,83	1,26	1,38	1,17	3,34	0,59	3,02	4,08	-4,74	-8,62	-4,00	-6,36	-0,79	-3,10	-2,91	-3,98	-2,48	-1,89	8,59	1,45	-3,65	-2,24	-1,57	-5,83	-3,15	-3,96	4,81	5,33	1,00	-4,69	-4,11	2,98	-5,34	-2,57	-3,60	-1,37	7,61	10,40	3,23	-1,62	2,50	4,35	2,98	2,02	4,26	10,44	5,69	7,50	2,30	6,91	6,19	3,73	9,15	6,65	9,37	9,41	8,50	7,79	7,16	8,72	11,47	8,99	5,00	6,65	3,71	10,56	-1,19	4,95	7,33	7,64	4,43	5,37	3,75	-2,29	2,78	1,82	-0,95	5,72	5,95	4,61	-1,51	3,41	-2,57	-0,23	0,43	-5,19	-0,61	4,63	-4,03	0,90	-1,19	1,07	-3,76	3,83	-1,23	-1,74	-4,59	-0,97	5,14	5,34	3,00	6,85	5,43	-1,53	3,66	3,60	7,21	10,64	-2,67	11,35	-2,53	10,02	-0,08	-2,14	-1,69	-3,34	-4,21	-0,85	-2,40	-0,52	-2,21	2,13	-2,61	-0,28	-2,57	-1,42	1,65	3,34	10,13	8,69	10,96	-3,66	4,87	8,65	15,99	14,67	1,12	-0,30	-1,43	0,46	-8,15	-1,25	-0,33	0,62	-0,49	-1,73	3,11	4,27	5,94	1,64	3,82	-0,28	0,89	2,81
3,00	0,48	-1,37	1,64	2,03	-2,36	-3,15	-0,04	-3,71	0,47	0,92	-5,26	-5,09	-0,47	-3,37	-2,03	-2,33	4,36	8,93	5,39	3,27	-5,96	-0,44	6,51	-1,42	7,73	12,93	13,65	13,85	-0,71	-0,59	1,62	-5,90	-11,40	-13,83	-13,77	-14,02	-13,63	-11,59	-3,45	1,36	7,04	6,05	1,95	1,75	3,56	2,20	-4,66	7,34	11,42	2,60	-0,71	-1,64	5,85	4,94	3,24	-2,61	-2,56	-3,01	6,52	0,92	2,46	1,50	2,04	2,92	2,72	2,66	-2,22	10,51	12,35	-2,40	-2,17	3,05	5,95	2,61	4,17	3,52	2,27	1,95	-0,29	4,96	8,06	3,24	5,65	3,80	0,04	6,00	5,02	1,25	1,40	2,20	7,03	1,69	8,44	10,23	1,72	4,67	6,87	4,50	5,95	9,66	4,68	8,20	9,24	6,63	5,56	8,08	10,03	2,61	3,12	5,71	3,83	6,57	0,00	4,84	3,17	5,46	0,73	2,89	4,53	5,29	3,56	8,47	3,42	-2,73	-3,68	-6,90	-6,41	-4,55	2,04	-1,91	5,65	-6,38	-8,99	0,07	0,84	-9,57	-0,90	2,58	-1,74	-3,48	-8,77	-8,21	-4,99	-3,87	-3,19	-6,44	-4,31	1,55	6,24	7,43	3,40	0,15	5,67	8,82	9,98	-5,93	-5,66	-4,76	-0,08	-3,90	-8,43	-7,08	-2,47	-3,25	3,99	7,18	-4,17	6,87	5,17	-4,91	-0,43	4,28	2,06	-0,37	-4,48	-7,28	-7,53	-4,67	-2,15	2,57	6,17	4,24	4,55	-2,38	-1,01	1,47	4,27	0,00	3,76	2,59	9,75	2,09	4,58	8,55	2,82	4,04	8,41	4,96	10,03	9,41	2,69	4,89	8,16	9,72	6,60	5,38	8,25	1,94	5,87	5,70	2,74	8,04	2,20	3,15	1,50	2,43	1,57	-1,94	-1,94	4,30	3,15	6,39	4,73	-5,19	-3,35	-4,24	-5,07	-2,69	-2,93	-1,65	0,13	-4,69	-8,33	0,27	0,82	-9,75	0,17	3,86	-0,16	-2,90	-7,74	-8,06	-4,76	-0,77	-4,81	-0,08	-5,95	5,96	8,14	8,19	0,14	-0,29	6,46	8,89	4,86	-4,04	-7,06	-2,83	-1,49	-2,18	-9,31	-8,81	-2,68	-2,23	4,75	7,60	-5,27	8,94	8,22	-1,24	-0,30	0,38	-2,41	-0,33	-1,83	-4,35	-4,67	-3,16	0,79	1,84	7,04	2,66	3,63	-2,07	-1,50	3,62	3,94	-0,76	3,32	-0,38	8,65	1,86	5,08	5,39	2,29	2,59	4,26	5,65	4,51	6,27	8,15	3,33	6,69	6,19	7,42	7,95	6,57	1,79	3,89	2,97	0,01	5,86	-1,02	1,70	1,93	2,38	2,29	-0,98	-2,68	5,56	8,66	6,01	3,98	-2,11	-1,75	-7,67	-5,64	-5,31	-3,50	0,46	-1,25	-5,27	-6,78	3,67	3,18	-7,78	2,50	3,16	-6,17	-6,07	-10,49	-8,86	-5,70	-2,54	-3,16	-6,14	-4,66	4,69	7,64	7,17	0,59	5,31	6,52	6,10	3,87	-6,20	-8,09	-5,20	0,30	-4,55	-6,88	-8,15	-2,88	-1,19	6,54	8,54	-3,96	7,46	8,95	-2,14	-3,78	-3,99	-4,86	-0,59	-4,96	-7,76	-7,50	-4,71	-3,54	0,88	8,07	4,05	3,52	-1,41	-2,05	2,47	5,75	-0,03	0,64	0,02	9,39	4,05	5,37	3,50	1,82	2,40	6,20	6,87	4,89	7,02	5,35	4,69	6,55	6,84	6,53	6,15	5,82	2,66	3,44	3,26	-0,70	8,87	0,77	-2,36	0,12	3,39	2,55	-3,27	-4,50	3,03	3,71	6,45	1,45	-3,40	-3,62	-8,08	-5,16	-3,18	-1,61	-1,49	2,63	-4,14	-9,32	-0,22	0,75	-9,46	-0,11	3,86	-2,31	-3,79	-8,97	-8,78	-5,20	-0,36	-4,40	-6,53	-6,81	2,76	6,34	3,92	0,15	2,27	4,10	6,95	3,17	-6,39	-6,51	-5,15	-0,03	-5,77	-9,93	-9,55	-5,18	-4,47	4,43	7,36	-6,02	8,18	8,74	-1,85	-1,04	2,38	-3,01	-4,22	-3,67	-6,89	-7,48	-4,18	-1,64	3,54	6,07	4,35	4,90	-2,48	-2,64	-0,13	2,26	0,00	0,85	-1,46	9,28	0,35	3,64	2,92	1,26	6,15	6,80	4,06	6,03	5,33	4,18	9,00	4,80	4,26	8,69	5,64	5,89	2,78	4,60	4,54	1,67	8,19	-0,79	-1,70	-0,79	2,71	1,16	-1,22	-1,76	1,82	4,33	6,07	4,85	-0,10	-4,40	-7,00	-7,14	-3,24	-0,23	4,74	2,14	-2,51	-6,99	0,93	2,16	-7,81	2,03	3,02	-5,48	-1,50	-5,87	-5,41	-1,64	-3,80	-5,63	-6,19	-5,87	3,53	6,54	4,64	-0,76	-0,80	5,39	8,24	6,89	-4,60	-5,59	-7,29	-1,48	-5,83	-9,03	-8,32	-4,27	-1,70	3,47	3,76	-5,33	8,31	9,20	-4,16	-1,70	1,70	-1,90	-3,89	-2,26	-5,22	-6,46	-2,77	-0,85	1,66	2,54	1,63	2,75	-3,32	-4,08	1,26	0,27	0,28	1,45	-0,77	6,86	1,16	4,21	4,39	1,77	3,83	3,26	4,15	6,49	6,31	3,59	5,41	6,53	7,49	3,86	5,92	6,61	1,50	1,97	1,44	1,41	8,54	-0,14	2,25	-0,35	0,59	-1,09	-1,41	-2,47	4,22	4,21	6,87	1,79	-5,09	-3,83	-8,69	-8,17	-4,15	-1,98	-1,02	2,40	-3,20	-10,27	-2,75	-2,59	-11,11	-2,91	-2,48	-0,42	-1,50	-6,12	-10,03	-2,68	0,32	-4,87	-6,66	-5,14	0,84	5,59	6,06	0,42	1,93	4,95	5,38	4,49	-4,72	-5,16	-1,98	-3,53	-4,40	-8,46	-7,90	-3,09	-2,59	2,92	6,38	-5,59	4,01	5,89	-2,31	-2,59	2,80	0,28	3,68	-3,09	-7,52	-6,96	-3,41	-0,49	3,93	7,68	4,48	4,68	-1,49	-0,27	0,81	5,43	0,34	0,95	0,36	9,08	1,61	3,46	3,91	0,50	3,65	4,80	7,55	7,49	9,33	5,48	4,00	6,47	5,70	6,37	6,21	5,40	2,64	4,54	2,63	0,33	10,28	1,60	2,18	1,00	6,90	2,37	0,58	-1,38	4,26	1,48	3,27	1,45	-2,04	-5,43	-5,25	-5,91	-5,08	-2,08	0,51	2,97	-3,85	-7,61	0,84	0,55	-5,89	1,51	0,26	-2,41	-1,47	-7,63	-9,11	-5,46	0,49	-6,83	-6,63	-5,92	2,41	9,16	6,55	0,06	4,46	7,81	5,90	3,68	-7,02	-7,58	-5,00	0,14	-4,44	-8,67	-8,82	-5,14	-3,61	5,05	4,98	-5,27	6,36	6,88	-3,12	-2,52	0,16	2,49	-3,53	-5,87	-4,81	-7,32	-3,50	-2,59	1,78	7,21	3,50	2,91	-1,89	-0,29	0,88	2,33	2,09	4,76	-0,09	7,11	0,92	3,86	4,11	2,77	4,21	5,92	8,54	5,48	7,26	5,43	6,04	6,52	7,19	6,24	5,78	7,73	1,84	7,04	6,54	3,96	11,92	-1,20	0,47	0,82	3,44	1,61	-2,19	-2,04	3,02	3,50	5,86	4,70	-0,98	-2,79	-5,05	-6,60	-4,79	0,62	0,96	4,05	-1,08	-4,17	5,94	8,03	-4,77	7,83	4,58	-3,59	-1,52	-6,33	-9,18	-2,52	0,93	-5,33	-6,08	-6,05	3,13	5,97	4,42	-0,30	-0,51	3,69	5,25	5,13	-5,72	-7,26	-4,65	-2,41	-3,72	-8,67	-8,88	3,05	1,64	5,79	5,35	-4,89	7,47	9,45	-4,03	-3,59	1,77	0,17	-3,66	-2,33	-6,14	-6,12	-4,16	-2,53	4,99	5,58	4,79	5,93	-0,57	-0,94	3,74	4,74	2,87	6,30	3,27	7,36	0,45	4,95	5,09	2,73	5,58	6,60	6,40	9,61	8,83	5,42	6,89	8,88	6,28	3,30	6,51	4,91	3,49	9,60	9,79	1,86	7,22	3,12	1,59	1,07	0,67	4,73	3,05	0,51	4,43	0,78	6,29	5,84	1,17	3,84	3,46	2,73	5,88	-0,12	4,79	3,60	3,94	-4,65	9,30	6,51	-5,41	7,39	7,66	-1,23	-0,88	-1,85	4,53	2,54	10,13	3,50	-0,91	-1,86	2,68	2,98	3,38	-3,46	-0,43	5,83	10,27	7,79	-5,33	0,36	3,20	6,48	7,53	6,13	6,43	1,21	-1,57	-1,83	2,17	1,31	0,06	2,08	5,00	4,52	1,71	2,52	3,82	11,03	11,56	15,33	8,06	-0,12	6,76	2,34	-0,36	4,93	4,81	4,24	5,37	5,99	7,19	-1,67	-2,22	-6,67	-8,08	4,91	2,69	-4,21	0,39	-2,36	4,21	-4,94	-0,69	-1,85	-4,55
4,00	-5,91	-5,18	-5,68	-4,05	-2,05	-3,40	-2,86	-1,84	-2,00	-3,19	-2,97	-1,32	-1,61	-3,63	-0,40	-1,77	-1,24	8,72	10,27	3,71	0,08	9,19	15,03	11,67	6,54	5,04	4,58	-5,75	-4,86	-2,99	0,16	0,96	1,69	-2,67	-1,31	-4,04	-3,97	-5,33	4,86	3,40	0,40	-2,13	-2,84	-4,18	-3,10	-3,95	-0,97	-2,71	0,51	-0,00	4,46	-3,07	-5,95	-4,29	-0,21	-0,16	-0,77	-0,42	8,10	1,38	-0,99	-1,04	3,62	-2,17	4,07	-1,85	6,03	0,42	1,19	3,52	-3,37	3,37	6,01	4,67	3,01	3,68	4,01	0,77	2,86	4,62	4,69	8,11	3,42	3,56	6,42	10,12	6,35	7,31	9,56	10,63	2,19	6,86	1,40	5,47	4,72	1,08	2,62	5,73	9,72	8,74	7,45	8,91	13,17	8,39	6,64	2,88	3,37	4,21	2,99	0,43	5,56	4,33	8,88	9,88	4,74	9,18	11,10	0,36	-0,90	-2,12	6,13	-4,95	-4,36	-4,78	-7,03	1,69	-1,86	1,01	1,88	6,21	4,73	-1,18	-0,18	-1,84	2,74	5,76	-4,50	-4,33	-7,42	-2,81	2,28	-2,80	0,04	4,46	-3,75	1,47	0,42	-3,91	-3,15	0,53	2,23	6,72	-2,97	2,57	-5,00	-1,20	-0,29	-5,15	4,17	2,47	-1,11	0,10	-3,14	-6,69	-1,81	-2,49	3,00	2,75	-0,69	2,38	-4,61	2,04	1,70	4,36	0,62	-3,84	1,90	-9,25	-5,29	-2,63	-5,20	4,52	1,80	-2,30	2,94	9,98	7,93	3,96	7,16	10,08	7,86	3,03	-0,96	3,52	2,93	3,10	3,51	7,16	6,53	7,14	4,28	5,60	11,71	9,13	8,01	1,50	0,38	3,45	4,20	0,67	2,21	3,62	6,83	6,92	7,00	9,43	10,24	4,28	-1,89	0,10	5,71	-5,09	-3,89	-6,09	-8,98	1,89	-1,63	3,47	-0,12	4,39	3,14	-4,22	3,06	-3,17	-4,12	3,87	-0,39	2,19	-6,73	-3,45	0,12	-2,92	1,90	2,42	3,91	-0,38	0,58	1,78	1,87	-3,28	3,89	3,77	-3,18	-1,30	-3,66	-1,36	-2,64	-2,33	-0,42	-1,84	-3,04	0,85	-5,67	-7,15	-6,28	-5,08	5,83	-2,28	-1,14	2,40	-0,76	2,24	2,24	-1,51	0,34	-4,15	1,06	-6,39	-5,17	-3,16	-4,03	4,57	2,02	-2,14	2,62	11,29	7,79	2,21	9,14	6,36	7,32	5,23	3,03	3,92	2,64	1,33	1,72	8,62	6,98	10,97	4,40	5,42	10,51	3,82	7,26	2,18	1,06	4,95	5,30	0,43	4,75	5,51	7,79	6,61	2,04	6,83	10,08	3,82	-2,03	3,73	7,70	-6,62	-4,33	-4,77	-6,35	2,20	-1,86	2,28	-1,48	1,14	-0,08	-5,24	5,01	-1,00	2,51	4,74	0,13	-1,85	-6,41	-3,08	-3,08	-4,47	0,27	0,80	-4,93	-2,78	-0,87	-2,28	-2,33	-4,27	0,18	4,90	-0,53	-3,28	-3,65	-2,22	-2,63	-6,98	-0,29	-3,13	-2,15	-2,62	1,16	-6,15	-2,64	-3,16	5,44	-2,57	1,38	2,87	-2,15	0,61	2,32	-1,29	3,76	-3,17	0,02	-7,67	-5,78	-3,75	-0,17	4,43	0,83	-1,26	2,84	8,03	5,40	4,37	5,80	6,64	3,79	3,21	1,58	3,36	4,48	4,66	3,52	7,03	7,84	7,49	5,70	6,27	4,68	6,36	6,78	5,69	4,73	3,89	3,51	-0,75	2,70	6,06	7,06	8,05	3,68	8,09	11,34	4,02	-1,98	1,03	1,83	-1,46	-1,71	-4,74	-5,38	-0,39	-2,12	4,68	2,37	6,35	3,97	-3,74	2,56	-0,27	0,80	5,77	-3,48	-3,51	-7,48	-3,31	-0,06	-4,30	-0,81	4,65	-5,08	-1,64	-1,01	-3,64	-1,62	-2,11	4,99	7,62	-5,75	4,37	-2,38	-2,86	-0,84	-2,68	0,94	1,08	-4,63	-1,45	-3,66	-8,51	-4,18	-2,71	3,52	0,39	-1,60	2,34	-4,57	0,64	0,44	-0,33	3,96	-0,81	2,02	-8,06	-4,24	-5,06	-5,95	6,11	1,68	-0,74	2,12	9,63	3,52	3,45	6,38	2,84	7,36	4,00	2,08	2,28	4,16	1,56	4,77	3,87	3,63	7,74	5,16	7,88	9,12	5,14	7,15	1,79	3,34	3,44	1,57	0,56	5,15	2,35	9,79	6,53	1,67	4,60	10,85	4,16	0,36	-0,27	3,33	-3,84	-4,18	-3,14	-7,12	2,78	-3,22	3,88	-0,90	2,51	3,65	-4,10	0,98	-1,24	-1,62	4,10	-3,09	-1,07	-5,36	0,23	-0,07	-1,72	-3,59	0,29	-3,12	1,44	0,08	-4,13	-2,78	-3,23	4,47	4,90	-2,80	-1,58	-4,30	-4,88	-4,55	0,05	2,64	-1,04	-3,03	1,61	-3,63	-7,44	-2,38	-3,28	4,17	0,65	-2,33	2,90	-4,80	-0,01	-0,45	1,27	-0,18	-4,32	0,99	-8,51	-4,08	-3,64	-5,54	1,49	-1,34	-1,62	3,60	7,81	5,83	2,70	7,51	6,47	6,06	4,15	0,28	2,73	3,87	3,03	1,81	1,92	6,73	9,50	6,47	5,81	7,83	3,60	6,01	2,30	1,94	4,61	2,60	-0,68	1,78	3,99	7,89	8,32	0,04	4,62	10,20	3,85	-1,70	0,43	4,68	-4,84	-3,64	-5,11	-8,75	-0,41	-5,61	-1,30	0,78	3,61	5,50	-3,29	4,06	-0,34	-1,33	2,88	0,03	0,84	-6,83	-6,29	2,89	0,50	-1,05	3,02	-5,78	-0,18	-2,07	-0,94	-3,42	-4,53	1,83	7,15	-2,07	-0,28	-1,21	1,23	-0,82	-2,38	3,32	1,49	-0,76	-1,68	-2,53	-4,13	-2,27	-2,96	4,20	-2,20	0,10	5,39	-1,68	2,95	3,27	-0,76	2,78	-3,93	2,34	-5,42	-4,94	-5,71	-6,86	4,86	0,50	-1,81	2,11	7,72	9,29	2,77	6,79	6,77	1,42	4,39	-1,04	1,50	6,49	4,05	2,47	5,85	8,34	8,54	5,17	5,39	7,12	7,89	5,73	0,93	2,83	4,60	4,19	-1,18	1,58	5,04	7,08	4,88	0,05	7,62	9,06	2,19	-3,28	1,76	2,45	-6,03	-5,61	-6,60	-7,26	-1,36	-4,67	2,69	0,22	5,35	3,40	-7,06	2,93	1,50	1,53	5,09	-5,95	2,54	-7,75	-5,67	1,74	-1,61	0,21	3,69	-4,12	1,00	0,54	-3,48	-2,10	2,25	5,43	5,17	-1,12	-2,02	-3,44	-0,81	-2,74	-5,51	1,53	0,38	-2,48	0,79	-3,48	-7,52	-5,57	-4,32	2,30	0,48	0,13	0,95	-5,00	-1,36	0,53	-2,94	1,75	-4,73	-2,41	-7,67	-4,12	-3,48	-6,45	4,41	-0,50	-3,80	2,32	8,92	8,66	2,59	5,19	5,79	5,31	4,43	0,96	2,91	3,64	3,03	4,04	8,32	4,85	9,43	4,51	6,64	9,07	4,28	8,75	3,07	4,79	5,47	5,09	0,75	4,34	8,26	7,86	7,24	1,15	6,88	10,70	3,90	-2,33	0,09	3,23	-6,35	-4,81	-4,18	-8,28	1,90	-3,46	6,28	-0,28	2,09	1,96	-1,95	1,79	-3,14	-1,68	7,88	-1,76	-2,98	-7,09	-1,09	0,90	0,39	1,42	4,37	-4,84	-1,34	-2,52	-3,01	-4,44	-2,74	2,52	5,05	-3,37	1,73	-0,69	-0,32	0,47	-3,64	4,67	3,64	0,80	4,29	-3,30	-6,39	-0,52	-4,46	2,52	4,00	-0,80	0,86	-5,84	2,60	-0,16	-2,29	3,70	-1,96	3,14	-5,59	-3,87	-0,86	-1,75	5,94	1,59	-0,93	3,02	6,99	6,86	2,22	10,11	7,79	4,20	0,93	1,60	7,12	5,57	2,74	2,37	9,16	9,10	9,95	7,13	4,97	10,56	9,14	10,39	2,75	1,72	6,27	5,30	-0,39	4,17	4,81	12,67	10,13	5,08	6,60	10,54	9,25	1,66	2,17	9,62	6,38	5,69	4,27	-0,00	7,25	3,70	4,62	2,50	6,50	4,05	-2,63	3,25	0,96	-2,93	6,93	-0,69	-2,06	-1,38	0,75	3,00	0,50	0,97	6,46	-0,72	2,40	4,15	-3,99	4,92	1,26	0,73	2,98	4,61	-2,85	1,45	1,61	2,03	-5,91	-4,26	-0,63	-0,96	0,13	4,78	7,29	-4,24	1,25	2,04	6,73	-6,69	1,33	-0,38	-2,07	-2,04	-3,13	-2,64	7,31	7,15	13,82	15,03	15,58	11,02	-0,55	-3,32	10,09	10,04	-0,43	0,37	-1,66	7,06	5,29	-1,67	-6,67	-6,54	-2,04	-1,32	-1,05	-0,69	-1,52	-1,82	-3,29	-3,46	-3,46
"x-axis"

