"Map measures:"	"STI"	"-"	"IECEd3 male"	"Masking on"	
"Bkg noise:"	45,0	38,0	32,0	28,0	25,0	23,0	21,0	0,0	"dB"		"35,8 dBA"	"(NCB:28)"
"Eqx:"	0	0	0	0	0	0	0	""	"dB"
"Project:"	"project"
"Creator:"	"CATT-Acoustic v9.1b (build 1.03) / TUCT v1.1b:2.02"
"Date/Time:"	"2018-05-31 18:51:41"
"Air abs.:"	"on"
"Interference:"	"off"
"Adapt rays:"	"off"
"No of rays:"	500	"Diffraction: "	"off"
"Ech. length:"	1000	"ms"

"Layer:"	1	"of"	1	"Nx:"	9	"Ny:"	1002
	-0,50	0,50	1,50	2,50	3,50	4,50	5,50	6,50	7,50	8,50	9,50	10,50	11,50	12,50	13,50	14,50	15,50	16,50	17,50	18,50	19,50	20,50	21,50	22,50	23,50	24,50	25,50	26,50	27,50	28,50	29,50	30,50	31,50	32,50	33,50	34,50	35,50	36,50	37,50	38,50	39,50	40,50	41,50	42,50	43,50	44,50	45,50	46,50	47,50	48,50	49,50	50,50	51,50	52,50	53,50	54,50	55,50	56,50	57,50	58,50	59,50	60,50	61,50	62,50	63,50	64,50	65,50	66,50	67,50	68,50	69,50	70,50	71,50	72,50	73,50	74,50	75,50	76,50	77,50	78,50	79,50	80,50	81,50	82,50	83,50	84,50	85,50	86,50	87,50	88,50	89,50	90,50	91,50	92,50	93,50	94,50	95,50	96,50	97,50	98,50	99,50	100,50	101,50	102,50	103,50	104,50	105,50	106,50	107,50	108,50	109,50	110,50	111,50	112,50	113,50	114,50	115,50	116,50	117,50	118,50	119,50	120,50	121,50	122,50	123,50	124,50	125,50	126,50	127,50	128,50	129,50	130,50	131,50	132,50	133,50	134,50	135,50	136,50	137,50	138,50	139,50	140,50	141,50	142,50	143,50	144,50	145,50	146,50	147,50	148,50	149,50	150,50	151,50	152,50	153,50	154,50	155,50	156,50	157,50	158,50	159,50	160,50	161,50	162,50	163,50	164,50	165,50	166,50	167,50	168,50	169,50	170,50	171,50	172,50	173,50	174,50	175,50	176,50	177,50	178,50	179,50	180,50	181,50	182,50	183,50	184,50	185,50	186,50	187,50	188,50	189,50	190,50	191,50	192,50	193,50	194,50	195,50	196,50	197,50	198,50	199,50	200,50	201,50	202,50	203,50	204,50	205,50	206,50	207,50	208,50	209,50	210,50	211,50	212,50	213,50	214,50	215,50	216,50	217,50	218,50	219,50	220,50	221,50	222,50	223,50	224,50	225,50	226,50	227,50	228,50	229,50	230,50	231,50	232,50	233,50	234,50	235,50	236,50	237,50	238,50	239,50	240,50	241,50	242,50	243,50	244,50	245,50	246,50	247,50	248,50	249,50	250,50	251,50	252,50	253,50	254,50	255,50	256,50	257,50	258,50	259,50	260,50	261,50	262,50	263,50	264,50	265,50	266,50	267,50	268,50	269,50	270,50	271,50	272,50	273,50	274,50	275,50	276,50	277,50	278,50	279,50	280,50	281,50	282,50	283,50	284,50	285,50	286,50	287,50	288,50	289,50	290,50	291,50	292,50	293,50	294,50	295,50	296,50	297,50	298,50	299,50	300,50	301,50	302,50	303,50	304,50	305,50	306,50	307,50	308,50	309,50	310,50	311,50	312,50	313,50	314,50	315,50	316,50	317,50	318,50	319,50	320,50	321,50	322,50	323,50	324,50	325,50	326,50	327,50	328,50	329,50	330,50	331,50	332,50	333,50	334,50	335,50	336,50	337,50	338,50	339,50	340,50	341,50	342,50	343,50	344,50	345,50	346,50	347,50	348,50	349,50	350,50	351,50	352,50	353,50	354,50	355,50	356,50	357,50	358,50	359,50	360,50	361,50	362,50	363,50	364,50	365,50	366,50	367,50	368,50	369,50	370,50	371,50	372,50	373,50	374,50	375,50	376,50	377,50	378,50	379,50	380,50	381,50	382,50	383,50	384,50	385,50	386,50	387,50	388,50	389,50	390,50	391,50	392,50	393,50	394,50	395,50	396,50	397,50	398,50	399,50	400,50	401,50	402,50	403,50	404,50	405,50	406,50	407,50	408,50	409,50	410,50	411,50	412,50	413,50	414,50	415,50	416,50	417,50	418,50	419,50	420,50	421,50	422,50	423,50	424,50	425,50	426,50	427,50	428,50	429,50	430,50	431,50	432,50	433,50	434,50	435,50	436,50	437,50	438,50	439,50	440,50	441,50	442,50	443,50	444,50	445,50	446,50	447,50	448,50	449,50	450,50	451,50	452,50	453,50	454,50	455,50	456,50	457,50	458,50	459,50	460,50	461,50	462,50	463,50	464,50	465,50	466,50	467,50	468,50	469,50	470,50	471,50	472,50	473,50	474,50	475,50	476,50	477,50	478,50	479,50	480,50	481,50	482,50	483,50	484,50	485,50	486,50	487,50	488,50	489,50	490,50	491,50	492,50	493,50	494,50	495,50	496,50	497,50	498,50	499,50	500,50	501,50	502,50	503,50	504,50	505,50	506,50	507,50	508,50	509,50	510,50	511,50	512,50	513,50	514,50	515,50	516,50	517,50	518,50	519,50	520,50	521,50	522,50	523,50	524,50	525,50	526,50	527,50	528,50	529,50	530,50	531,50	532,50	533,50	534,50	535,50	536,50	537,50	538,50	539,50	540,50	541,50	542,50	543,50	544,50	545,50	546,50	547,50	548,50	549,50	550,50	551,50	552,50	553,50	554,50	555,50	556,50	557,50	558,50	559,50	560,50	561,50	562,50	563,50	564,50	565,50	566,50	567,50	568,50	569,50	570,50	571,50	572,50	573,50	574,50	575,50	576,50	577,50	578,50	579,50	580,50	581,50	582,50	583,50	584,50	585,50	586,50	587,50	588,50	589,50	590,50	591,50	592,50	593,50	594,50	595,50	596,50	597,50	598,50	599,50	600,50	601,50	602,50	603,50	604,50	605,50	606,50	607,50	608,50	609,50	610,50	611,50	612,50	613,50	614,50	615,50	616,50	617,50	618,50	619,50	620,50	621,50	622,50	623,50	624,50	625,50	626,50	627,50	628,50	629,50	630,50	631,50	632,50	633,50	634,50	635,50	636,50	637,50	638,50	639,50	640,50	641,50	642,50	643,50	644,50	645,50	646,50	647,50	648,50	649,50	650,50	651,50	652,50	653,50	654,50	655,50	656,50	657,50	658,50	659,50	660,50	661,50	662,50	663,50	664,50	665,50	666,50	667,50	668,50	669,50	670,50	671,50	672,50	673,50	674,50	675,50	676,50	677,50	678,50	679,50	680,50	681,50	682,50	683,50	684,50	685,50	686,50	687,50	688,50	689,50	690,50	691,50	692,50	693,50	694,50	695,50	696,50	697,50	698,50	699,50	700,50	701,50	702,50	703,50	704,50	705,50	706,50	707,50	708,50	709,50	710,50	711,50	712,50	713,50	714,50	715,50	716,50	717,50	718,50	719,50	720,50	721,50	722,50	723,50	724,50	725,50	726,50	727,50	728,50	729,50	730,50	731,50	732,50	733,50	734,50	735,50	736,50	737,50	738,50	739,50	740,50	741,50	742,50	743,50	744,50	745,50	746,50	747,50	748,50	749,50	750,50	751,50	752,50	753,50	754,50	755,50	756,50	757,50	758,50	759,50	760,50	761,50	762,50	763,50	764,50	765,50	766,50	767,50	768,50	769,50	770,50	771,50	772,50	773,50	774,50	775,50	776,50	777,50	778,50	779,50	780,50	781,50	782,50	783,50	784,50	785,50	786,50	787,50	788,50	789,50	790,50	791,50	792,50	793,50	794,50	795,50	796,50	797,50	798,50	799,50	800,50	801,50	802,50	803,50	804,50	805,50	806,50	807,50	808,50	809,50	810,50	811,50	812,50	813,50	814,50	815,50	816,50	817,50	818,50	819,50	820,50	821,50	822,50	823,50	824,50	825,50	826,50	827,50	828,50	829,50	830,50	831,50	832,50	833,50	834,50	835,50	836,50	837,50	838,50	839,50	840,50	841,50	842,50	843,50	844,50	845,50	846,50	847,50	848,50	849,50	850,50	851,50	852,50	853,50	854,50	855,50	856,50	857,50	858,50	859,50	860,50	861,50	862,50	863,50	864,50	865,50	866,50	867,50	868,50	869,50	870,50	871,50	872,50	873,50	874,50	875,50	876,50	877,50	878,50	879,50	880,50	881,50	882,50	883,50	884,50	885,50	886,50	887,50	888,50	889,50	890,50	891,50	892,50	893,50	894,50	895,50	896,50	897,50	898,50	899,50	900,50	901,50	902,50	903,50	904,50	905,50	906,50	907,50	908,50	909,50	910,50	911,50	912,50	913,50	914,50	915,50	916,50	917,50	918,50	919,50	920,50	921,50	922,50	923,50	924,50	925,50	926,50	927,50	928,50	929,50	930,50	931,50	932,50	933,50	934,50	935,50	936,50	937,50	938,50	939,50	940,50	941,50	942,50	943,50	944,50	945,50	946,50	947,50	948,50	949,50	950,50	951,50	952,50	953,50	954,50	955,50	956,50	957,50	958,50	959,50	960,50	961,50	962,50	963,50	964,50	965,50	966,50	967,50	968,50	969,50	970,50	971,50	972,50	973,50	974,50	975,50	976,50	977,50	978,50	979,50	980,50	981,50	982,50	983,50	984,50	985,50	986,50	987,50	988,50	989,50	990,50	991,50	992,50	993,50	994,50	995,50	996,50	997,50	998,50	999,50	1000,50	"y-axis"
-4,00	0,547	0,546	0,564	0,499	0,491	0,493	0,508	0,511	0,519	0,641	0,617	0,508	0,577	0,661	0,663	0,661	0,513	0,576	0,580	0,543	0,536	0,814	0,835	0,882	0,863	0,678	0,569	0,622	0,556	0,559	0,582	0,582	0,569	0,573	0,582	0,592	0,600	0,648	0,712	0,599	0,611	0,589	0,596	0,579	0,612	0,585	0,590	0,594	0,623	0,559	0,605	0,586	0,576	0,586	0,597	0,639	0,694	0,669	0,690	0,640	0,608	0,637	0,622	0,631	0,710	0,685	0,723	0,665	0,640	0,725	0,616	0,678	0,655	0,648	0,663	0,625	0,721	0,606	0,631	0,601	0,611	0,637	0,557	0,546	0,628	0,696	0,708	0,596	0,670	0,596	0,637	0,652	0,639	0,619	0,626	0,570	0,560	0,612	0,584	0,627	0,585	0,599	0,603	0,604	0,607	0,592	0,598	0,673	0,614	0,622	0,614	0,586	0,626	0,656	0,624	0,660	0,696	0,615	0,583	0,595	0,646	0,603	0,621	0,637	0,660	0,647	0,611	0,613	0,613	0,604	0,622	0,585	0,626	0,567	0,605	0,653	0,693	0,712	0,586	0,576	0,569	0,594	0,580	0,621	0,592	0,627	0,611	0,629	0,702	0,713	0,688	0,691	0,670	0,662	0,677	0,646	0,621	0,600	0,624	0,594	0,565	0,552	0,575	0,619	0,691	0,698	0,645	0,562	0,584	0,598	0,568	0,573	0,550	0,563	0,577	0,556	0,605	0,703	0,677	0,691	0,704	0,585	0,532	0,548	0,602	0,674	0,681	0,536	0,629	0,588	0,532	0,581	0,583	0,570	0,585	0,542	0,545	0,554	0,512	0,530	0,540	0,574	0,603	0,571	0,612	0,593	0,565	0,616	0,627	0,533	0,560	0,531	0,570	0,600	0,587	0,589	0,625	0,542	0,580	0,512	0,596	0,667	0,656	0,657	0,671	0,575	0,530	0,591	0,537	0,563	0,575	0,557	0,592	0,572	0,593	0,629	0,637	0,629	0,593	0,558	0,544	0,565	0,568	0,644	0,630	0,589	0,590	0,598	0,600	0,621	0,619	0,634	0,617	0,640	0,609	0,611	0,620	0,598	0,649	0,560	0,574	0,517	0,584	0,586	0,647	0,654	0,607	0,561	0,578	0,588	0,565	0,561	0,537	0,549	0,577	0,575	0,609	0,641	0,615	0,625	0,587	0,623	0,547	0,510	0,564	0,652	0,613	0,578	0,637	0,589	0,539	0,596	0,578	0,555	0,528	0,490	0,502	0,578	0,542	0,535	0,557	0,554	0,573	0,532	0,554	0,510	0,501	0,571	0,599	0,583	0,552	0,534	0,569	0,584	0,505	0,579	0,673	0,590	0,500	0,518	0,579	0,626	0,642	0,644	0,671	0,598	0,558	0,558	0,541	0,546	0,577	0,530	0,539	0,554	0,540	0,580	0,653	0,667	0,623	0,563	0,567	0,561	0,545	0,628	0,588	0,604	0,600	0,631	0,603	0,617	0,629	0,646	0,646	0,652	0,611	0,574	0,541	0,546	0,617	0,546	0,565	0,520	0,544	0,613	0,616	0,638	0,628	0,576	0,549	0,600	0,540	0,581	0,538	0,543	0,544	0,521	0,564	0,693	0,649	0,668	0,670	0,578	0,526	0,514	0,579	0,645	0,634	0,536	0,583	0,569	0,535	0,606	0,558	0,540	0,556	0,513	0,525	0,562	0,586	0,591	0,541	0,562	0,536	0,651	0,566	0,536	0,541	0,602	0,559	0,538	0,534	0,589	0,579	0,530	0,538	0,615	0,668	0,577	0,487	0,528	0,599	0,680	0,635	0,666	0,686	0,578	0,526	0,568	0,595	0,519	0,550	0,551	0,564	0,542	0,558	0,618	0,611	0,615	0,567	0,536	0,522	0,564	0,562	0,634	0,574	0,602	0,637	0,610	0,607	0,600	0,588	0,667	0,599	0,614	0,609	0,599	0,572	0,547	0,605	0,535	0,543	0,522	0,545	0,624	0,641	0,664	0,623	0,565	0,578	0,595	0,537	0,563	0,543	0,567	0,574	0,520	0,601	0,644	0,625	0,629	0,646	0,565	0,478	0,480	0,564	0,643	0,646	0,543	0,614	0,572	0,521	0,574	0,584	0,571	0,564	0,512	0,525	0,514	0,547	0,546	0,616	0,591	0,580	0,565	0,561	0,528	0,540	0,586	0,564	0,558	0,572	0,544	0,608	0,611	0,583	0,579	0,686	0,589	0,519	0,525	0,567	0,640	0,624	0,636	0,645	0,597	0,534	0,562	0,539	0,546	0,598	0,550	0,617	0,558	0,545	0,574	0,606	0,577	0,586	0,554	0,518	0,574	0,570	0,576	0,599	0,571	0,604	0,607	0,621	0,586	0,609	0,610	0,577	0,610	0,576	0,607	0,598	0,573	0,637	0,558	0,577	0,541	0,515	0,581	0,612	0,648	0,616	0,548	0,552	0,614	0,540	0,566	0,543	0,544	0,563	0,523	0,618	0,668	0,643	0,677	0,661	0,538	0,512	0,505	0,570	0,663	0,635	0,589	0,600	0,582	0,534	0,544	0,570	0,573	0,547	0,524	0,506	0,570	0,558	0,555	0,583	0,582	0,553	0,589	0,579	0,528	0,528	0,598	0,575	0,561	0,550	0,550	0,568	0,601	0,552	0,596	0,648	0,584	0,513	0,510	0,593	0,679	0,649	0,683	0,693	0,571	0,572	0,555	0,563	0,584	0,557	0,563	0,641	0,569	0,579	0,636	0,647	0,641	0,584	0,548	0,546	0,564	0,557	0,625	0,602	0,595	0,603	0,600	0,595	0,588	0,626	0,634	0,590	0,613	0,619	0,638	0,622	0,564	0,574	0,556	0,567	0,550	0,556	0,605	0,595	0,614	0,623	0,537	0,553	0,579	0,530	0,562	0,526	0,551	0,567	0,514	0,588	0,627	0,601	0,619	0,637	0,609	0,557	0,602	0,596	0,669	0,568	0,570	0,577	0,573	0,546	0,562	0,542	0,523	0,510	0,494	0,507	0,531	0,528	0,558	0,571	0,537	0,532	0,625	0,544	0,505	0,531	0,623	0,562	0,580	0,578	0,552	0,580	0,605	0,583	0,585	0,695	0,581	0,499	0,530	0,552	0,666	0,639	0,659	0,670	0,593	0,542	0,586	0,550	0,558	0,568	0,568	0,590	0,638	0,587	0,594	0,697	0,677	0,592	0,548	0,533	0,547	0,540	0,610	0,584	0,580	0,577	0,586	0,612	0,596	0,626	0,617	0,652	0,631	0,612	0,595	0,604	0,596	0,601	0,570	0,550	0,544	0,578	0,597	0,647	0,652	0,640	0,601	0,575	0,587	0,564	0,575	0,553	0,548	0,582	0,545	0,603	0,695	0,659	0,677	0,637	0,604	0,511	0,498	0,583	0,643	0,635	0,557	0,629	0,578	0,579	0,616	0,625	0,596	0,618	0,609	0,558	0,547	0,579	0,600	0,614	0,570	0,573	0,547	0,577	0,550	0,526	0,600	0,579	0,607	0,620	0,563	0,586	0,686	0,568	0,692	0,655	0,579	0,505	0,523	0,581	0,620	0,646	0,650	0,668	0,573	0,576	0,562	0,568	0,569	0,566	0,564	0,617	0,560	0,555	0,623	0,668	0,673	0,625	0,583	0,560	0,605	0,568	0,671	0,587	0,625	0,607	0,645	0,665	0,674	0,656	0,667	0,658	0,657	0,630	0,646	0,625	0,605	0,689	0,570	0,607	0,560	0,583	0,600	0,647	0,718	0,661	0,553	0,567	0,612	0,554	0,572	0,562	0,583	0,613	0,566	0,627	0,653	0,641	0,651	0,655	0,621	0,616	0,602	0,690	0,730	0,603	0,643	0,658	0,607	0,591	0,610	0,585	0,583	0,653	0,597	0,590	0,692	0,607	0,625	0,579	0,582	0,637	0,583	0,605	0,549	0,561	0,653	0,630	0,653	0,675	0,660	0,605	0,618	0,604	0,707	0,716	0,657	0,639	0,620	0,649	0,602	0,671	0,646	0,639	0,693	0,604	0,650	0,653	0,653	0,679	0,646	0,684	0,666	0,707	0,740	0,704	0,785	0,651	0,626	0,630	0,604	0,635	0,690	0,619	0,651	0,640	0,607	0,600	0,576	0,606	0,618	0,619	0,611	0,638	0,613	0,624	0,587	0,601	0,611	0,612	0,608	0,616	0,734	0,627	0,592	0,657	0,692	0,593	0,586	0,578	0,543	0,575	0,548	0,569	0,558	0,677	0,934	0,911	0,901	0,915	0,556	0,539	0,593	0,577	0,558	0,712	0,737	0,727	0,550	0,528	0,733	0,742	0,531	0,568	0,524	0,515	0,535	0,515	0,632	0,626	0,608
-3,00	0,480	0,481	0,456	0,456	0,476	0,526	0,525	0,561	0,568	0,485	0,500	0,513	0,492	0,497	0,531	0,526	0,585	0,505	0,531	0,540	0,538	0,564	0,681	0,619	0,575	0,788	0,818	0,813	0,614	0,565	0,556	0,537	0,558	0,553	0,563	0,618	0,610	0,594	0,579	0,581	0,641	0,670	0,576	0,539	0,591	0,622	0,570	0,571	0,586	0,604	0,565	0,631	0,794	0,744	0,611	0,604	0,701	0,642	0,620	0,585	0,580	0,584	0,613	0,588	0,626	0,614	0,636	0,655	0,645	0,609	0,658	0,625	0,564	0,538	0,638	0,659	0,594	0,629	0,591	0,605	0,545	0,549	0,517	0,533	0,627	0,638	0,609	0,518	0,563	0,535	0,640	0,625	0,586	0,656	0,622	0,626	0,623	0,581	0,605	0,675	0,639	0,622	0,615	0,584	0,635	0,673	0,668	0,629	0,588	0,606	0,618	0,666	0,550	0,561	0,609	0,575	0,606	0,611	0,584	0,600	0,567	0,626	0,574	0,586	0,573	0,678	0,690	0,688	0,595	0,621	0,599	0,583	0,579	0,655	0,672	0,596	0,616	0,614	0,605	0,592	0,621	0,607	0,569	0,562	0,584	0,629	0,622	0,697	0,769	0,784	0,619	0,694	0,763	0,762	0,660	0,623	0,655	0,623	0,599	0,554	0,597	0,624	0,590	0,557	0,555	0,576	0,548	0,608	0,601	0,570	0,581	0,581	0,546	0,508	0,710	0,707	0,687	0,542	0,565	0,581	0,550	0,527	0,542	0,541	0,550	0,573	0,548	0,471	0,498	0,511	0,631	0,581	0,536	0,608	0,574	0,584	0,574	0,574	0,592	0,647	0,576	0,569	0,594	0,554	0,628	0,623	0,590	0,545	0,509	0,614	0,585	0,659	0,515	0,474	0,513	0,531	0,593	0,562	0,576	0,488	0,507	0,564	0,586	0,537	0,535	0,662	0,692	0,711	0,516	0,540	0,579	0,583	0,553	0,600	0,574	0,540	0,538	0,559	0,573	0,556	0,593	0,570	0,559	0,583	0,595	0,590	0,611	0,589	0,703	0,740	0,623	0,677	0,740	0,691	0,584	0,604	0,624	0,577	0,564	0,550	0,568	0,599	0,506	0,588	0,554	0,546	0,552	0,548	0,544	0,601	0,603	0,601	0,576	0,541	0,653	0,670	0,636	0,518	0,547	0,620	0,582	0,530	0,534	0,547	0,560	0,555	0,530	0,492	0,489	0,504	0,597	0,592	0,560	0,529	0,542	0,582	0,599	0,582	0,602	0,606	0,599	0,571	0,662	0,561	0,557	0,617	0,576	0,568	0,522	0,606	0,617	0,606	0,481	0,467	0,437	0,518	0,546	0,557	0,532	0,514	0,505	0,544	0,556	0,517	0,512	0,677	0,671	0,678	0,518	0,528	0,572	0,549	0,521	0,616	0,595	0,562	0,565	0,597	0,559	0,536	0,600	0,548	0,548	0,551	0,597	0,628	0,613	0,670	0,692	0,703	0,667	0,641	0,717	0,685	0,581	0,583	0,626	0,593	0,551	0,558	0,586	0,625	0,595	0,542	0,533	0,521	0,558	0,533	0,527	0,557	0,559	0,556	0,563	0,526	0,706	0,699	0,681	0,548	0,529	0,545	0,516	0,507	0,505	0,516	0,532	0,551	0,576	0,502	0,538	0,496	0,627	0,581	0,567	0,531	0,560	0,594	0,581	0,538	0,596	0,622	0,602	0,626	0,571	0,639	0,564	0,603	0,577	0,612	0,609	0,580	0,566	0,639	0,495	0,485	0,513	0,548	0,526	0,532	0,514	0,503	0,544	0,552	0,585	0,519	0,514	0,669	0,668	0,689	0,522	0,526	0,563	0,573	0,534	0,596	0,594	0,531	0,534	0,576	0,534	0,518	0,587	0,590	0,547	0,556	0,526	0,630	0,620	0,611	0,657	0,672	0,577	0,581	0,714	0,660	0,616	0,608	0,568	0,561	0,531	0,547	0,601	0,602	0,639	0,519	0,565	0,514	0,476	0,518	0,512	0,507	0,620	0,528	0,533	0,566	0,665	0,676	0,677	0,543	0,527	0,524	0,548	0,516	0,519	0,524	0,550	0,519	0,522	0,477	0,449	0,475	0,596	0,585	0,569	0,575	0,607	0,586	0,590	0,536	0,586	0,602	0,624	0,676	0,602	0,598	0,626	0,612	0,624	0,590	0,523	0,575	0,577	0,619	0,484	0,498	0,492	0,561	0,566	0,552	0,489	0,502	0,515	0,540	0,563	0,552	0,540	0,662	0,657	0,658	0,498	0,511	0,575	0,581	0,558	0,553	0,538	0,515	0,539	0,543	0,530	0,533	0,570	0,559	0,543	0,523	0,551	0,559	0,583	0,586	0,672	0,701	0,587	0,606	0,682	0,668	0,609	0,635	0,619	0,584	0,580	0,562	0,584	0,606	0,541	0,536	0,540	0,476	0,474	0,497	0,474	0,509	0,539	0,578	0,530	0,502	0,696	0,703	0,674	0,546	0,570	0,575	0,540	0,525	0,519	0,505	0,561	0,567	0,573	0,518	0,498	0,487	0,536	0,553	0,555	0,573	0,587	0,537	0,589	0,581	0,602	0,567	0,600	0,591	0,636	0,608	0,590	0,597	0,568	0,590	0,563	0,598	0,599	0,611	0,515	0,493	0,505	0,550	0,603	0,580	0,511	0,531	0,543	0,532	0,543	0,504	0,560	0,682	0,710	0,714	0,491	0,570	0,575	0,620	0,551	0,548	0,543	0,558	0,541	0,535	0,566	0,540	0,592	0,552	0,514	0,516	0,542	0,593	0,574	0,617	0,721	0,703	0,599	0,605	0,719	0,690	0,598	0,591	0,590	0,578	0,527	0,534	0,581	0,603	0,532	0,560	0,567	0,540	0,516	0,516	0,512	0,580	0,560	0,572	0,548	0,532	0,663	0,665	0,645	0,535	0,543	0,561	0,582	0,537	0,545	0,554	0,567	0,559	0,511	0,482	0,469	0,474	0,553	0,605	0,570	0,533	0,542	0,592	0,572	0,558	0,559	0,655	0,632	0,593	0,590	0,551	0,523	0,535	0,556	0,595	0,561	0,583	0,585	0,623	0,509	0,487	0,486	0,502	0,563	0,574	0,529	0,527	0,546	0,587	0,567	0,528	0,537	0,658	0,670	0,670	0,533	0,538	0,559	0,586	0,544	0,690	0,611	0,533	0,582	0,576	0,626	0,546	0,608	0,584	0,559	0,545	0,569	0,618	0,598	0,606	0,723	0,685	0,618	0,627	0,683	0,707	0,627	0,616	0,582	0,593	0,551	0,543	0,575	0,607	0,559	0,619	0,553	0,508	0,542	0,522	0,525	0,530	0,562	0,550	0,509	0,533	0,681	0,701	0,687	0,557	0,525	0,575	0,561	0,529	0,500	0,504	0,581	0,581	0,565	0,517	0,539	0,568	0,646	0,569	0,580	0,545	0,573	0,601	0,599	0,575	0,583	0,629	0,643	0,589	0,638	0,601	0,617	0,599	0,586	0,597	0,581	0,623	0,605	0,619	0,538	0,514	0,499	0,549	0,554	0,565	0,546	0,559	0,566	0,561	0,554	0,541	0,548	0,672	0,682	0,673	0,546	0,526	0,577	0,561	0,523	0,564	0,584	0,552	0,532	0,540	0,561	0,558	0,605	0,583	0,562	0,593	0,608	0,620	0,619	0,638	0,760	0,742	0,629	0,638	0,739	0,726	0,646	0,642	0,617	0,611	0,609	0,558	0,592	0,625	0,585	0,557	0,564	0,508	0,517	0,525	0,518	0,543	0,593	0,630	0,574	0,587	0,659	0,643	0,672	0,533	0,549	0,585	0,620	0,600	0,595	0,588	0,613	0,628	0,616	0,587	0,599	0,586	0,661	0,595	0,594	0,552	0,562	0,665	0,691	0,638	0,604	0,642	0,595	0,625	0,634	0,654	0,614	0,628	0,609	0,634	0,611	0,623	0,638	0,620	0,501	0,543	0,531	0,612	0,723	0,631	0,578	0,531	0,553	0,591	0,678	0,646	0,629	0,639	0,658	0,636	0,572	0,578	0,630	0,648	0,619	0,668	0,663	0,603	0,591	0,604	0,623	0,642	0,616	0,612	0,594	0,607	0,641	0,619	0,598	0,684	0,685	0,725	0,581	0,594	0,593	0,611	0,590	0,638	0,649	0,632	0,572	0,604	0,714	0,734	0,561	0,581	0,741	0,587	0,561	0,583	0,590	0,593	0,697	0,524	0,547	0,552	0,930	0,921	0,919	0,560	0,631	0,697	0,548	0,523	0,542	0,553	0,547	0,560	0,602	0,523	0,526	0,485	0,531	0,520	0,490	0,483	0,508	0,492	0,498	0,492	0,462	0,469	0,489	0,491
-2,00	0,487	0,468	0,466	0,546	0,557	0,546	0,507	0,477	0,483	0,559	0,543	0,519	0,495	0,566	0,557	0,547	0,517	0,723	0,737	0,656	0,668	0,503	0,504	0,748	0,756	0,776	0,544	0,592	0,561	0,562	0,585	0,566	0,554	0,559	0,517	0,504	0,854	0,596	0,563	0,591	0,580	0,575	0,693	0,564	0,584	0,544	0,613	0,656	0,582	0,589	0,629	0,642	0,665	0,598	0,748	0,735	0,650	0,673	0,690	0,649	0,642	0,613	0,606	0,610	0,622	0,597	0,613	0,615	0,597	0,624	0,673	0,664	0,688	0,586	0,628	0,637	0,584	0,532	0,525	0,661	0,603	0,632	0,658	0,633	0,699	0,609	0,599	0,616	0,666	0,616	0,594	0,582	0,609	0,694	0,636	0,721	0,651	0,650	0,669	0,637	0,622	0,615	0,662	0,589	0,585	0,600	0,715	0,621	0,756	0,617	0,639	0,677	0,577	0,662	0,555	0,598	0,606	0,628	0,535	0,571	0,554	0,589	0,628	0,600	0,606	0,689	0,767	0,729	0,567	0,579	0,593	0,594	0,595	0,590	0,562	0,571	0,758	0,566	0,542	0,596	0,565	0,577	0,604	0,617	0,646	0,619	0,662	0,714	0,671	0,626	0,638	0,642	0,676	0,651	0,728	0,727	0,613	0,619	0,612	0,628	0,537	0,555	0,585	0,558	0,565	0,811	0,533	0,614	0,565	0,552	0,549	0,590	0,569	0,528	0,545	0,550	0,513	0,499	0,499	0,578	0,571	0,568	0,608	0,541	0,578	0,571	0,563	0,524	0,603	0,559	0,591	0,570	0,620	0,666	0,596	0,670	0,562	0,597	0,617	0,648	0,633	0,581	0,652	0,655	0,588	0,618	0,652	0,581	0,690	0,553	0,560	0,618	0,548	0,596	0,512	0,533	0,578	0,603	0,532	0,614	0,578	0,567	0,592	0,492	0,495	0,512	0,563	0,541	0,547	0,557	0,607	0,557	0,564	0,564	0,536	0,531	0,740	0,549	0,542	0,569	0,526	0,530	0,634	0,594	0,625	0,559	0,618	0,658	0,614	0,612	0,623	0,622	0,586	0,619	0,632	0,635	0,601	0,609	0,622	0,572	0,611	0,514	0,569	0,527	0,542	0,826	0,543	0,566	0,580	0,573	0,584	0,554	0,539	0,557	0,603	0,619	0,550	0,497	0,505	0,607	0,568	0,555	0,550	0,542	0,627	0,559	0,547	0,500	0,567	0,567	0,633	0,561	0,551	0,664	0,601	0,630	0,576	0,592	0,651	0,620	0,553	0,580	0,590	0,619	0,578	0,583	0,650	0,602	0,701	0,565	0,527	0,596	0,568	0,612	0,503	0,522	0,514	0,633	0,556	0,535	0,552	0,585	0,571	0,519	0,509	0,571	0,632	0,635	0,579	0,527	0,515	0,523	0,538	0,546	0,548	0,523	0,789	0,538	0,528	0,562	0,536	0,524	0,568	0,607	0,608	0,569	0,632	0,687	0,602	0,578	0,603	0,587	0,613	0,623	0,720	0,691	0,620	0,534	0,526	0,516	0,544	0,624	0,571	0,523	0,519	0,680	0,505	0,561	0,583	0,536	0,526	0,570	0,537	0,591	0,543	0,599	0,583	0,531	0,504	0,590	0,559	0,524	0,534	0,588	0,595	0,551	0,543	0,575	0,622	0,530	0,540	0,536	0,569	0,675	0,588	0,646	0,580	0,581	0,647	0,643	0,605	0,620	0,620	0,599	0,585	0,569	0,658	0,588	0,720	0,640	0,583	0,561	0,521	0,575	0,498	0,547	0,579	0,631	0,527	0,583	0,587	0,578	0,562	0,549	0,530	0,561	0,613	0,582	0,512	0,517	0,537	0,556	0,585	0,572	0,541	0,504	0,785	0,581	0,532	0,582	0,574	0,578	0,587	0,587	0,587	0,600	0,659	0,668	0,626	0,588	0,598	0,603	0,618	0,598	0,658	0,665	0,620	0,546	0,527	0,525	0,506	0,570	0,591	0,566	0,578	0,711	0,527	0,539	0,564	0,555	0,526	0,604	0,543	0,530	0,597	0,609	0,553	0,531	0,530	0,591	0,594	0,515	0,525	0,521	0,590	0,544	0,522	0,476	0,599	0,520	0,563	0,530	0,579	0,708	0,605	0,657	0,572	0,612	0,619	0,634	0,557	0,583	0,657	0,630	0,612	0,613	0,674	0,608	0,726	0,598	0,544	0,595	0,576	0,629	0,520	0,547	0,588	0,563	0,532	0,540	0,518	0,578	0,594	0,500	0,499	0,523	0,550	0,568	0,558	0,565	0,570	0,576	0,562	0,536	0,514	0,525	0,698	0,556	0,565	0,561	0,541	0,535	0,555	0,555	0,560	0,582	0,644	0,624	0,606	0,610	0,625	0,637	0,584	0,605	0,660	0,615	0,578	0,517	0,506	0,465	0,502	0,614	0,597	0,542	0,562	0,766	0,520	0,541	0,539	0,547	0,532	0,563	0,501	0,533	0,574	0,583	0,492	0,503	0,489	0,577	0,568	0,550	0,545	0,561	0,630	0,516	0,516	0,510	0,562	0,535	0,599	0,544	0,569	0,716	0,592	0,625	0,529	0,562	0,589	0,610	0,587	0,574	0,641	0,631	0,584	0,573	0,673	0,599	0,683	0,598	0,544	0,595	0,604	0,592	0,526	0,531	0,597	0,624	0,570	0,555	0,542	0,546	0,570	0,500	0,489	0,510	0,620	0,596	0,553	0,545	0,577	0,541	0,557	0,555	0,543	0,526	0,801	0,542	0,537	0,585	0,512	0,524	0,596	0,563	0,565	0,542	0,655	0,681	0,576	0,593	0,595	0,623	0,601	0,624	0,707	0,641	0,561	0,531	0,573	0,581	0,593	0,624	0,579	0,511	0,546	0,826	0,523	0,504	0,542	0,549	0,566	0,562	0,549	0,518	0,602	0,633	0,550	0,564	0,557	0,557	0,572	0,557	0,567	0,530	0,577	0,569	0,538	0,526	0,637	0,545	0,553	0,477	0,559	0,698	0,594	0,674	0,604	0,599	0,604	0,652	0,587	0,604	0,619	0,640	0,569	0,561	0,626	0,585	0,689	0,602	0,578	0,617	0,601	0,605	0,537	0,547	0,539	0,613	0,541	0,522	0,537	0,568	0,573	0,526	0,526	0,538	0,609	0,585	0,585	0,523	0,568	0,556	0,544	0,625	0,570	0,604	0,765	0,556	0,529	0,557	0,556	0,519	0,616	0,579	0,601	0,573	0,672	0,668	0,585	0,657	0,638	0,623	0,622	0,658	0,693	0,679	0,582	0,590	0,583	0,548	0,583	0,597	0,562	0,523	0,532	0,772	0,560	0,599	0,555	0,567	0,547	0,550	0,565	0,561	0,594	0,577	0,536	0,510	0,525	0,572	0,584	0,516	0,538	0,550	0,623	0,570	0,578	0,535	0,599	0,526	0,617	0,516	0,533	0,699	0,621	0,651	0,573	0,602	0,621	0,646	0,648	0,601	0,634	0,603	0,586	0,582	0,674	0,581	0,730	0,606	0,606	0,629	0,554	0,634	0,552	0,565	0,581	0,584	0,544	0,519	0,515	0,557	0,611	0,590	0,580	0,591	0,623	0,632	0,541	0,551	0,562	0,535	0,542	0,535	0,566	0,566	0,762	0,574	0,533	0,655	0,547	0,542	0,592	0,599	0,605	0,623	0,644	0,672	0,642	0,633	0,657	0,615	0,641	0,653	0,704	0,636	0,586	0,521	0,529	0,534	0,539	0,614	0,628	0,531	0,569	0,805	0,565	0,555	0,571	0,580	0,585	0,648	0,587	0,592	0,736	0,721	0,623	0,592	0,606	0,606	0,637	0,569	0,581	0,565	0,597	0,649	0,587	0,574	0,639	0,574	0,642	0,574	0,599	0,688	0,609	0,710	0,625	0,628	0,634	0,622	0,641	0,639	0,669	0,689	0,640	0,642	0,680	0,640	0,698	0,629	0,669	0,707	0,632	0,662	0,656	0,634	0,605	0,706	0,651	0,603	0,645	0,630	0,627	0,549	0,516	0,618	0,634	0,588	0,646	0,648	0,653	0,595	0,615	0,628	0,648	0,605	0,625	0,638	0,620	0,589	0,612	0,625	0,591	0,610	0,638	0,605	0,675	0,671	0,573	0,671	0,685	0,581	0,626	0,558	0,671	0,638	0,703	0,569	0,570	0,491	0,560	0,680	0,591	0,573	0,578	0,891	0,563	0,547	0,560	0,580	0,591	0,581	0,505	0,551	0,547	0,586	0,810	0,816	0,821	0,506	0,507	0,645	0,675	0,712	0,653	0,514	0,557	0,563	0,533	0,535	0,515	0,514	0,519	0,504	0,508	0,511	0,640	0,636	0,619	0,513	0,482	0,486
-1,00	0,508	0,491	0,534	0,487	0,512	0,481	0,532	0,496	0,509	0,560	0,546	0,518	0,592	0,569	0,526	0,630	0,701	0,585	0,515	0,506	0,547	0,526	0,574	0,538	0,509	0,508	0,555	0,774	0,761	0,784	0,917	0,842	0,826	0,841	0,562	0,553	0,585	0,600	0,570	0,563	0,593	0,768	0,602	0,594	0,598	0,886	0,577	0,754	0,794	0,812	0,741	0,651	0,664	0,741	0,752	0,561	0,579	0,604	0,608	0,656	0,645	0,600	0,660	0,600	0,642	0,683	0,704	0,731	0,759	0,682	0,625	0,695	0,603	0,805	0,804	0,731	0,679	0,662	0,603	0,523	0,524	0,600	0,668	0,734	0,615	0,638	0,626	0,640	0,765	0,701	0,616	0,649	0,652	0,619	0,676	0,675	0,710	0,689	0,637	0,715	0,652	0,685	0,641	0,689	0,639	0,692	0,684	0,718	0,640	0,666	0,608	0,627	0,657	0,691	0,647	0,576	0,520	0,572	0,663	0,641	0,601	0,601	0,644	0,617	0,650	0,654	0,766	0,793	0,771	0,594	0,702	0,708	0,705	0,709	0,704	0,690	0,561	0,561	0,553	0,604	0,600	0,635	0,630	0,653	0,667	0,791	0,641	0,671	0,652	0,679	0,649	0,638	0,761	0,774	0,742	0,603	0,564	0,614	0,602	0,575	0,583	0,559	0,583	0,584	0,558	0,537	0,653	0,701	0,757	0,731	0,759	0,687	0,603	0,658	0,652	0,738	0,617	0,630	0,577	0,514	0,500	0,649	0,635	0,689	0,584	0,509	0,532	0,567	0,759	0,654	0,605	0,592	0,614	0,590	0,648	0,642	0,662	0,633	0,607	0,634	0,643	0,659	0,656	0,613	0,651	0,701	0,649	0,685	0,621	0,631	0,618	0,593	0,656	0,676	0,556	0,539	0,491	0,561	0,644	0,653	0,586	0,497	0,498	0,582	0,581	0,643	0,682	0,654	0,647	0,552	0,681	0,681	0,698	0,713	0,685	0,594	0,541	0,583	0,582	0,554	0,511	0,582	0,752	0,750	0,773	0,712	0,587	0,662	0,654	0,645	0,627	0,602	0,813	0,765	0,713	0,583	0,582	0,584	0,527	0,535	0,573	0,509	0,539	0,561	0,554	0,578	0,595	0,653	0,739	0,727	0,756	0,746	0,557	0,701	0,722	0,755	0,602	0,625	0,548	0,540	0,564	0,576	0,622	0,636	0,566	0,502	0,547	0,523	0,697	0,636	0,578	0,572	0,636	0,634	0,678	0,609	0,669	0,624	0,630	0,662	0,634	0,637	0,619	0,702	0,648	0,681	0,608	0,650	0,635	0,661	0,611	0,652	0,652	0,647	0,531	0,586	0,498	0,545	0,650	0,611	0,593	0,521	0,542	0,587	0,624	0,634	0,680	0,721	0,670	0,549	0,723	0,749	0,735	0,731	0,663	0,601	0,559	0,525	0,563	0,551	0,498	0,668	0,585	0,583	0,598	0,762	0,614	0,655	0,647	0,681	0,660	0,663	0,682	0,674	0,634	0,578	0,591	0,602	0,596	0,564	0,534	0,500	0,563	0,561	0,525	0,532	0,563	0,682	0,704	0,668	0,681	0,673	0,562	0,723	0,673	0,739	0,632	0,583	0,572	0,558	0,527	0,552	0,594	0,676	0,562	0,515	0,533	0,540	0,684	0,645	0,594	0,576	0,653	0,618	0,657	0,627	0,686	0,588	0,640	0,675	0,623	0,656	0,623	0,655	0,610	0,689	0,658	0,688	0,594	0,623	0,600	0,595	0,645	0,693	0,544	0,557	0,503	0,539	0,605	0,582	0,603	0,547	0,537	0,555	0,632	0,611	0,731	0,734	0,754	0,524	0,535	0,549	0,626	0,678	0,704	0,651	0,622	0,519	0,550	0,573	0,553	0,603	0,678	0,691	0,692	0,742	0,580	0,689	0,670	0,655	0,657	0,586	0,776	0,771	0,758	0,580	0,572	0,588	0,559	0,584	0,553	0,528	0,539	0,554	0,514	0,514	0,628	0,675	0,671	0,655	0,647	0,621	0,543	0,653	0,710	0,699	0,619	0,603	0,554	0,550	0,542	0,588	0,613	0,653	0,570	0,518	0,530	0,558	0,732	0,633	0,588	0,594	0,613	0,607	0,631	0,594	0,694	0,670	0,656	0,650	0,636	0,614	0,640	0,680	0,621	0,676	0,626	0,680	0,644	0,660	0,616	0,573	0,669	0,718	0,537	0,531	0,477	0,570	0,633	0,604	0,562	0,481	0,494	0,552	0,590	0,591	0,712	0,674	0,683	0,558	0,675	0,655	0,668	0,686	0,689	0,633	0,543	0,540	0,559	0,557	0,535	0,634	0,637	0,653	0,648	0,746	0,590	0,649	0,663	0,687	0,659	0,616	0,727	0,748	0,774	0,635	0,608	0,569	0,544	0,554	0,530	0,558	0,521	0,554	0,534	0,546	0,632	0,686	0,699	0,695	0,722	0,731	0,569	0,680	0,676	0,728	0,604	0,601	0,577	0,502	0,501	0,576	0,603	0,647	0,533	0,516	0,552	0,558	0,685	0,632	0,580	0,606	0,659	0,620	0,686	0,618	0,651	0,637	0,608	0,638	0,613	0,634	0,675	0,612	0,618	0,692	0,604	0,648	0,615	0,623	0,607	0,566	0,641	0,683	0,610	0,568	0,529	0,561	0,659	0,608	0,589	0,486	0,520	0,616	0,636	0,601	0,749	0,714	0,693	0,523	0,747	0,766	0,726	0,730	0,686	0,660	0,544	0,544	0,567	0,508	0,498	0,631	0,602	0,597	0,599	0,785	0,586	0,618	0,618	0,618	0,586	0,666	0,744	0,723	0,742	0,581	0,575	0,587	0,563	0,565	0,543	0,494	0,496	0,528	0,543	0,543	0,616	0,663	0,698	0,712	0,753	0,746	0,599	0,643	0,642	0,727	0,603	0,599	0,543	0,580	0,554	0,574	0,586	0,674	0,553	0,494	0,520	0,550	0,688	0,607	0,571	0,613	0,662	0,621	0,649	0,645	0,681	0,636	0,639	0,681	0,657	0,661	0,669	0,654	0,624	0,663	0,584	0,660	0,593	0,595	0,579	0,643	0,608	0,633	0,544	0,560	0,522	0,558	0,681	0,609	0,586	0,511	0,556	0,579	0,621	0,610	0,741	0,704	0,667	0,576	0,716	0,682	0,719	0,747	0,696	0,636	0,557	0,510	0,548	0,551	0,492	0,696	0,560	0,562	0,568	0,790	0,618	0,631	0,620	0,683	0,646	0,623	0,751	0,743	0,751	0,619	0,546	0,621	0,567	0,552	0,562	0,519	0,552	0,551	0,543	0,543	0,635	0,744	0,741	0,731	0,707	0,714	0,580	0,680	0,669	0,688	0,593	0,610	0,522	0,500	0,508	0,576	0,671	0,659	0,539	0,511	0,544	0,555	0,693	0,677	0,567	0,610	0,656	0,651	0,713	0,668	0,700	0,629	0,628	0,632	0,675	0,643	0,651	0,640	0,631	0,691	0,632	0,681	0,633	0,656	0,600	0,610	0,654	0,763	0,592	0,522	0,512	0,554	0,671	0,586	0,602	0,563	0,586	0,549	0,641	0,624	0,757	0,710	0,706	0,593	0,710	0,705	0,726	0,740	0,696	0,684	0,557	0,530	0,566	0,568	0,512	0,583	0,756	0,722	0,800	0,725	0,607	0,792	0,761	0,809	0,777	0,758	0,762	0,766	0,820	0,629	0,609	0,608	0,621	0,621	0,561	0,577	0,555	0,592	0,593	0,580	0,696	0,673	0,729	0,737	0,738	0,752	0,592	0,745	0,738	0,725	0,601	0,591	0,603	0,637	0,589	0,626	0,665	0,708	0,577	0,560	0,582	0,567	0,691	0,696	0,633	0,654	0,681	0,653	0,666	0,680	0,786	0,668	0,634	0,647	0,634	0,636	0,719	0,693	0,678	0,739	0,701	0,716	0,631	0,688	0,702	0,624	0,716	0,717	0,676	0,706	0,677	0,689	0,709	0,678	0,652	0,520	0,544	0,604	0,641	0,637	0,827	0,840	0,832	0,645	0,625	0,627	0,714	0,824	0,736	0,689	0,647	0,661	0,589	0,633	0,613	0,619	0,610	0,618	0,660	0,589	0,592	0,741	0,721	0,647	0,661	0,582	0,631	0,608	0,616	0,573	0,584	0,571	0,602	0,597	0,588	0,581	0,617	0,623	0,650	0,560	0,585	0,562	0,786	0,777	0,769	0,772	0,792	0,818	0,802	0,551	0,585	0,574	0,530	0,553	0,542	0,535	0,504	0,483	0,615	0,632	0,670	0,512	0,530	0,540	0,490	0,524	0,518	0,531	0,527	0,528	0,511	0,526	0,533	0,615	0,577	0,543
0,00	0,521	0,513	0,482	0,450	0,520	0,525	0,481	0,546	0,566	0,529	0,610	0,587	0,530	0,543	0,542	0,522	0,535	0,581	0,573	0,500	0,529	0,525	0,533	0,561	0,543	0,931	0,905	0,873	0,947	0,913	0,549	0,598	0,608	0,580	0,582	0,572	0,520	0,582	0,613	0,575	0,596	0,588	0,596	0,623	0,595	0,577	0,578	0,553	0,563	0,583	0,725	0,674	0,634	0,617	0,596	0,550	0,580	0,563	0,563	0,615	0,590	0,628	0,655	0,640	0,653	0,667	0,633	0,637	0,614	0,665	0,708	0,695	0,648	0,644	0,643	0,629	0,687	0,761	0,751	0,606	0,617	0,590	0,622	0,625	0,611	0,591	0,611	0,643	0,663	0,670	0,674	0,652	0,651	0,665	0,742	0,689	0,607	0,631	0,676	0,629	0,689	0,666	0,667	0,729	0,640	0,643	0,628	0,765	0,686	0,708	0,595	0,555	0,597	0,612	0,607	0,631	0,656	0,608	0,573	0,597	0,608	0,601	0,633	0,689	0,722	0,668	0,691	0,679	0,704	0,700	0,597	0,587	0,603	0,589	0,607	0,607	0,604	0,597	0,628	0,654	0,617	0,578	0,544	0,580	0,548	0,618	0,670	0,634	0,623	0,609	0,745	0,752	0,656	0,682	0,637	0,612	0,556	0,549	0,553	0,553	0,548	0,595	0,616	0,576	0,592	0,576	0,584	0,598	0,583	0,593	0,604	0,562	0,715	0,709	0,737	0,714	0,719	0,675	0,644	0,577	0,593	0,605	0,560	0,546	0,577	0,556	0,559	0,588	0,624	0,563	0,568	0,572	0,619	0,658	0,762	0,676	0,601	0,614	0,667	0,682	0,663	0,636	0,636	0,671	0,660	0,619	0,656	0,721	0,657	0,679	0,614	0,564	0,588	0,562	0,569	0,595	0,601	0,581	0,538	0,558	0,636	0,558	0,580	0,628	0,590	0,683	0,715	0,686	0,620	0,675	0,570	0,563	0,554	0,557	0,560	0,544	0,533	0,548	0,559	0,577	0,561	0,517	0,505	0,540	0,546	0,563	0,626	0,580	0,614	0,655	0,684	0,683	0,584	0,649	0,595	0,563	0,563	0,495	0,508	0,501	0,491	0,591	0,589	0,575	0,556	0,525	0,552	0,589	0,567	0,563	0,572	0,546	0,758	0,737	0,716	0,722	0,690	0,698	0,636	0,580	0,581	0,603	0,562	0,523	0,544	0,567	0,532	0,540	0,557	0,593	0,548	0,562	0,621	0,681	0,732	0,608	0,584	0,627	0,700	0,656	0,639	0,644	0,617	0,618	0,562	0,569	0,647	0,760	0,619	0,638	0,603	0,572	0,597	0,596	0,585	0,570	0,599	0,575	0,585	0,569	0,575	0,572	0,580	0,678	0,724	0,692	0,703	0,728	0,715	0,736	0,567	0,567	0,573	0,559	0,576	0,555	0,543	0,544	0,538	0,593	0,557	0,516	0,526	0,526	0,539	0,570	0,591	0,595	0,632	0,625	0,686	0,684	0,625	0,646	0,602	0,636	0,567	0,507	0,515	0,494	0,482	0,599	0,561	0,552	0,563	0,530	0,539	0,562	0,591	0,569	0,548	0,543	0,665	0,671	0,656	0,673	0,708	0,735	0,683	0,555	0,589	0,571	0,571	0,543	0,583	0,591	0,579	0,562	0,591	0,580	0,572	0,590	0,631	0,628	0,724	0,650	0,615	0,601	0,663	0,633	0,611	0,635	0,620	0,661	0,592	0,584	0,638	0,744	0,644	0,602	0,566	0,567	0,591	0,588	0,603	0,574	0,540	0,568	0,537	0,542	0,592	0,567	0,555	0,689	0,673	0,635	0,594	0,560	0,547	0,558	0,540	0,567	0,557	0,564	0,546	0,548	0,540	0,542	0,552	0,577	0,577	0,529	0,530	0,489	0,510	0,569	0,579	0,582	0,667	0,621	0,712	0,663	0,613	0,609	0,567	0,538	0,557	0,504	0,534	0,504	0,530	0,558	0,578	0,567	0,560	0,561	0,571	0,552	0,557	0,556	0,542	0,583	0,653	0,630	0,644	0,639	0,676	0,702	0,648	0,566	0,568	0,620	0,555	0,589	0,564	0,560	0,547	0,576	0,607	0,592	0,560	0,559	0,618	0,647	0,734	0,634	0,591	0,585	0,637	0,662	0,611	0,615	0,605	0,648	0,620	0,658	0,686	0,681	0,651	0,640	0,576	0,573	0,580	0,601	0,586	0,556	0,571	0,560	0,561	0,560	0,564	0,568	0,566	0,643	0,678	0,674	0,673	0,671	0,660	0,655	0,548	0,557	0,585	0,576	0,571	0,555	0,515	0,560	0,569	0,578	0,601	0,507	0,546	0,526	0,524	0,555	0,548	0,585	0,608	0,617	0,675	0,699	0,618	0,615	0,572	0,619	0,578	0,504	0,538	0,504	0,530	0,563	0,599	0,560	0,541	0,567	0,552	0,531	0,563	0,549	0,572	0,539	0,724	0,725	0,716	0,712	0,676	0,737	0,676	0,544	0,573	0,565	0,541	0,545	0,564	0,590	0,569	0,607	0,597	0,590	0,577	0,566	0,621	0,663	0,719	0,642	0,618	0,593	0,632	0,626	0,636	0,640	0,647	0,623	0,600	0,601	0,656	0,752	0,633	0,615	0,569	0,560	0,575	0,592	0,582	0,598	0,614	0,553	0,539	0,585	0,571	0,570	0,600	0,673	0,665	0,679	0,719	0,732	0,684	0,715	0,541	0,581	0,587	0,574	0,561	0,562	0,557	0,556	0,527	0,589	0,599	0,493	0,495	0,543	0,525	0,579	0,579	0,589	0,612	0,626	0,641	0,661	0,650	0,641	0,581	0,610	0,560	0,493	0,511	0,495	0,574	0,594	0,593	0,533	0,536	0,539	0,558	0,558	0,572	0,554	0,562	0,563	0,737	0,738	0,742	0,721	0,678	0,735	0,674	0,568	0,580	0,566	0,626	0,580	0,585	0,612	0,615	0,618	0,603	0,571	0,552	0,596	0,626	0,671	0,724	0,650	0,573	0,590	0,639	0,669	0,639	0,620	0,638	0,652	0,586	0,581	0,627	0,723	0,678	0,662	0,616	0,575	0,584	0,570	0,597	0,557	0,548	0,563	0,553	0,584	0,584	0,560	0,560	0,664	0,675	0,699	0,700	0,705	0,665	0,701	0,572	0,588	0,550	0,560	0,573	0,537	0,538	0,584	0,563	0,566	0,568	0,492	0,478	0,506	0,517	0,548	0,561	0,591	0,644	0,633	0,719	0,719	0,624	0,639	0,596	0,608	0,586	0,497	0,527	0,514	0,529	0,569	0,583	0,572	0,572	0,573	0,605	0,546	0,569	0,576	0,550	0,550	0,717	0,704	0,700	0,707	0,686	0,719	0,680	0,550	0,584	0,612	0,600	0,588	0,580	0,586	0,548	0,586	0,626	0,587	0,562	0,562	0,630	0,666	0,714	0,645	0,627	0,627	0,647	0,629	0,645	0,646	0,635	0,657	0,604	0,553	0,627	0,751	0,667	0,625	0,568	0,578	0,595	0,582	0,595	0,588	0,569	0,588	0,560	0,588	0,627	0,586	0,519	0,641	0,704	0,659	0,710	0,704	0,711	0,722	0,564	0,608	0,570	0,568	0,564	0,570	0,548	0,561	0,554	0,597	0,603	0,517	0,556	0,513	0,530	0,564	0,579	0,628	0,599	0,641	0,710	0,723	0,637	0,638	0,636	0,641	0,615	0,571	0,627	0,596	0,575	0,588	0,602	0,552	0,566	0,583	0,610	0,594	0,598	0,595	0,582	0,585	0,761	0,742	0,715	0,740	0,700	0,720	0,683	0,600	0,602	0,589	0,625	0,624	0,567	0,680	0,628	0,613	0,607	0,632	0,589	0,598	0,668	0,677	0,763	0,692	0,677	0,671	0,742	0,662	0,660	0,698	0,677	0,702	0,669	0,748	0,698	0,729	0,698	0,702	0,690	0,669	0,627	0,666	0,656	0,667	0,631	0,679	0,639	0,650	0,678	0,646	0,617	0,753	0,761	0,708	0,669	0,646	0,638	0,669	0,617	0,633	0,664	0,589	0,621	0,637	0,644	0,561	0,600	0,624	0,620	0,594	0,623	0,640	0,570	0,582	0,571	0,599	0,608	0,624	0,628	0,705	0,623	0,599	0,557	0,639	0,638	0,537	0,544	0,536	0,611	0,585	0,592	0,621	0,573	0,606	0,616	0,586	0,573	0,551	0,560	0,573	0,757	0,793	0,808	0,815	0,825	0,571	0,589	0,567	0,554	0,495	0,495	0,603	0,590	0,534	0,532	0,495	0,492	0,529	0,585	0,582	0,518	0,530	0,532	0,515	0,514	0,524	0,517	0,568	0,522	0,493
1,00	0,515	0,540	0,654	0,722	0,538	0,597	0,484	0,508	0,514	0,589	0,589	0,535	0,545	0,574	0,589	0,574	0,584	0,517	0,524	0,526	0,511	0,888	0,843	0,867	0,936	0,546	0,529	0,681	0,704	0,697	0,579	0,576	0,573	0,585	0,584	0,607	0,593	0,644	0,634	0,609	0,587	0,585	0,575	0,579	0,585	0,601	0,623	0,604	0,580	0,590	0,611	0,666	0,610	0,584	0,571	0,599	0,579	0,661	0,663	0,644	0,611	0,630	0,666	0,638	0,632	0,640	0,607	0,678	0,749	0,682	0,622	0,693	0,654	0,800	0,822	0,767	0,658	0,622	0,647	0,640	0,581	0,636	0,615	0,630	0,585	0,594	0,679	0,581	0,700	0,756	0,639	0,673	0,756	0,677	0,647	0,665	0,701	0,691	0,602	0,638	0,558	0,568	0,672	0,661	0,686	0,689	0,675	0,688	0,726	0,792	0,660	0,637	0,685	0,671	0,600	0,590	0,551	0,601	0,636	0,650	0,621	0,653	0,665	0,683	0,693	0,612	0,768	0,641	0,662	0,611	0,554	0,579	0,644	0,670	0,643	0,580	0,598	0,614	0,627	0,558	0,554	0,567	0,626	0,600	0,649	0,643	0,653	0,619	0,590	0,638	0,637	0,711	0,675	0,646	0,587	0,642	0,794	0,845	0,823	0,814	0,584	0,564	0,627	0,593	0,586	0,593	0,570	0,641	0,727	0,638	0,538	0,567	0,578	0,640	0,656	0,673	0,598	0,705	0,735	0,675	0,671	0,580	0,592	0,612	0,617	0,541	0,582	0,515	0,598	0,649	0,651	0,646	0,656	0,669	0,622	0,618	0,652	0,609	0,589	0,621	0,639	0,620	0,662	0,675	0,653	0,695	0,623	0,644	0,635	0,634	0,616	0,600	0,660	0,634	0,568	0,619	0,602	0,603	0,540	0,585	0,667	0,624	0,646	0,645	0,631	0,577	0,675	0,634	0,616	0,593	0,530	0,548	0,653	0,677	0,651	0,539	0,542	0,568	0,543	0,549	0,569	0,593	0,593	0,569	0,603	0,529	0,599	0,533	0,585	0,672	0,680	0,637	0,677	0,631	0,708	0,561	0,683	0,644	0,628	0,632	0,656	0,543	0,560	0,522	0,581	0,580	0,568	0,623	0,670	0,607	0,531	0,552	0,572	0,657	0,693	0,707	0,591	0,747	0,714	0,691	0,681	0,635	0,580	0,554	0,637	0,528	0,566	0,527	0,622	0,644	0,557	0,585	0,661	0,623	0,585	0,667	0,645	0,636	0,578	0,613	0,582	0,589	0,624	0,620	0,633	0,660	0,604	0,567	0,602	0,668	0,599	0,605	0,642	0,596	0,531	0,584	0,535	0,575	0,556	0,589	0,562	0,688	0,693	0,700	0,702	0,578	0,759	0,664	0,672	0,571	0,537	0,561	0,603	0,676	0,605	0,558	0,552	0,557	0,547	0,556	0,550	0,566	0,602	0,549	0,610	0,572	0,551	0,557	0,605	0,629	0,695	0,644	0,701	0,670	0,699	0,545	0,661	0,631	0,622	0,625	0,686	0,550	0,557	0,544	0,578	0,544	0,562	0,608	0,696	0,612	0,543	0,551	0,554	0,672	0,677	0,709	0,541	0,702	0,674	0,682	0,660	0,574	0,548	0,555	0,591	0,541	0,576	0,565	0,661	0,648	0,601	0,579	0,679	0,631	0,622	0,650	0,686	0,638	0,625	0,636	0,571	0,571	0,588	0,592	0,658	0,673	0,658	0,593	0,607	0,665	0,578	0,581	0,681	0,608	0,527	0,559	0,513	0,605	0,566	0,589	0,566	0,531	0,546	0,582	0,592	0,575	0,620	0,659	0,685	0,550	0,541	0,557	0,614	0,611	0,638	0,560	0,548	0,575	0,594	0,543	0,544	0,538	0,546	0,517	0,538	0,546	0,611	0,596	0,587	0,613	0,672	0,672	0,670	0,664	0,670	0,581	0,686	0,558	0,537	0,547	0,613	0,523	0,568	0,567	0,566	0,571	0,545	0,610	0,609	0,627	0,548	0,524	0,575	0,599	0,618	0,684	0,567	0,648	0,644	0,625	0,609	0,584	0,585	0,578	0,615	0,520	0,574	0,540	0,602	0,657	0,594	0,584	0,618	0,615	0,572	0,613	0,663	0,622	0,561	0,581	0,579	0,571	0,651	0,634	0,643	0,673	0,631	0,628	0,630	0,674	0,624	0,603	0,652	0,604	0,510	0,548	0,562	0,615	0,601	0,587	0,590	0,583	0,616	0,651	0,672	0,611	0,705	0,688	0,690	0,567	0,536	0,535	0,612	0,637	0,592	0,562	0,601	0,570	0,587	0,558	0,556	0,568	0,592	0,601	0,581	0,527	0,541	0,561	0,600	0,618	0,687	0,676	0,708	0,690	0,672	0,609	0,587	0,676	0,658	0,674	0,681	0,535	0,532	0,563	0,575	0,537	0,563	0,610	0,641	0,580	0,536	0,551	0,561	0,631	0,630	0,699	0,608	0,740	0,681	0,684	0,659	0,569	0,538	0,593	0,600	0,566	0,579	0,539	0,637	0,663	0,571	0,588	0,701	0,654	0,617	0,638	0,680	0,618	0,599	0,584	0,586	0,598	0,616	0,595	0,615	0,687	0,623	0,560	0,621	0,676	0,562	0,582	0,697	0,653	0,589	0,575	0,558	0,625	0,564	0,549	0,585	0,664	0,686	0,718	0,683	0,581	0,751	0,656	0,654	0,575	0,500	0,527	0,599	0,632	0,651	0,549	0,555	0,587	0,558	0,550	0,517	0,550	0,565	0,553	0,571	0,522	0,529	0,528	0,587	0,610	0,661	0,691	0,718	0,702	0,701	0,601	0,690	0,677	0,676	0,684	0,613	0,502	0,526	0,544	0,569	0,534	0,545	0,602	0,596	0,594	0,515	0,522	0,574	0,623	0,632	0,658	0,573	0,707	0,733	0,699	0,677	0,571	0,603	0,573	0,613	0,547	0,574	0,541	0,616	0,665	0,586	0,622	0,686	0,620	0,585	0,637	0,707	0,636	0,585	0,583	0,605	0,587	0,626	0,618	0,654	0,680	0,609	0,601	0,627	0,671	0,577	0,597	0,620	0,561	0,492	0,596	0,525	0,592	0,592	0,583	0,592	0,626	0,640	0,704	0,701	0,569	0,661	0,693	0,687	0,560	0,561	0,547	0,640	0,667	0,614	0,601	0,555	0,581	0,582	0,553	0,515	0,554	0,550	0,561	0,614	0,540	0,543	0,541	0,608	0,666	0,680	0,672	0,645	0,643	0,667	0,582	0,777	0,660	0,654	0,654	0,620	0,547	0,550	0,569	0,577	0,566	0,570	0,634	0,690	0,635	0,513	0,550	0,583	0,741	0,740	0,679	0,559	0,712	0,718	0,680	0,660	0,601	0,591	0,594	0,594	0,538	0,561	0,558	0,643	0,684	0,625	0,606	0,669	0,663	0,638	0,675	0,613	0,605	0,595	0,631	0,588	0,586	0,632	0,600	0,643	0,641	0,599	0,605	0,638	0,664	0,601	0,589	0,658	0,586	0,514	0,589	0,576	0,594	0,597	0,593	0,588	0,598	0,645	0,670	0,710	0,605	0,711	0,646	0,642	0,596	0,556	0,551	0,652	0,630	0,605	0,567	0,573	0,593	0,630	0,580	0,532	0,604	0,669	0,597	0,598	0,518	0,533	0,550	0,613	0,644	0,705	0,699	0,723	0,707	0,715	0,664	0,799	0,567	0,567	0,571	0,680	0,574	0,562	0,602	0,639	0,593	0,647	0,645	0,699	0,676	0,540	0,547	0,585	0,618	0,636	0,669	0,626	0,755	0,744	0,735	0,720	0,603	0,650	0,586	0,611	0,554	0,602	0,630	0,649	0,666	0,607	0,633	0,737	0,651	0,675	0,686	0,700	0,648	0,703	0,690	0,678	0,702	0,718	0,696	0,644	0,706	0,661	0,664	0,710	0,731	0,640	0,616	0,777	0,700	0,561	0,653	0,581	0,638	0,649	0,638	0,684	0,585	0,665	0,691	0,694	0,632	0,722	0,798	0,803	0,667	0,601	0,621	0,688	0,725	0,678	0,661	0,627	0,605	0,604	0,624	0,583	0,649	0,669	0,637	0,629	0,554	0,553	0,532	0,583	0,592	0,726	0,757	0,777	0,727	0,766	0,636	0,721	0,763	0,758	0,776	0,768	0,656	0,600	0,615	0,566	0,558	0,615	0,610	0,587	0,536	0,589	0,561	0,799	0,774	0,786	0,516	0,543	0,831	0,771	0,791	0,803	0,521	0,519	0,533	0,546	0,619	0,604	0,520	0,592	0,544	0,508	0,532	0,531	0,542	0,539	0,528	0,557	0,544	0,644	0,662	0,542	0,533
2,00	0,476	0,520	0,519	0,544	0,504	0,588	0,644	0,658	0,512	0,544	0,548	0,522	0,544	0,542	0,566	0,509	0,516	0,547	0,941	0,947	0,656	0,663	0,553	0,745	0,675	0,656	0,572	0,561	0,530	0,538	0,586	0,560	0,554	0,544	0,559	0,551	0,542	0,577	0,601	0,627	0,697	0,616	0,646	0,621	0,607	0,633	0,761	0,657	0,627	0,638	0,613	0,729	0,714	0,632	0,709	0,668	0,627	0,676	0,643	0,621	0,642	0,653	0,630	0,619	0,592	0,622	0,679	0,635	0,624	0,582	0,635	0,642	0,671	0,589	0,627	0,691	0,699	0,563	0,630	0,644	0,620	0,669	0,580	0,595	0,664	0,548	0,601	0,589	0,672	0,629	0,572	0,603	0,627	0,709	0,600	0,717	0,658	0,648	0,667	0,597	0,591	0,614	0,656	0,614	0,567	0,522	0,565	0,505	0,740	0,639	0,620	0,631	0,609	0,612	0,503	0,564	0,645	0,709	0,633	0,674	0,577	0,617	0,620	0,615	0,596	0,598	0,711	0,636	0,572	0,582	0,599	0,596	0,603	0,573	0,579	0,669	0,619	0,566	0,546	0,571	0,603	0,587	0,540	0,597	0,585	0,619	0,668	0,715	0,687	0,719	0,695	0,692	0,703	0,646	0,694	0,711	0,655	0,684	0,607	0,610	0,581	0,564	0,546	0,604	0,568	0,631	0,701	0,637	0,583	0,602	0,565	0,574	0,542	0,530	0,641	0,695	0,567	0,549	0,547	0,608	0,566	0,553	0,680	0,681	0,653	0,547	0,544	0,507	0,605	0,563	0,591	0,614	0,594	0,659	0,536	0,606	0,568	0,597	0,613	0,587	0,613	0,617	0,636	0,623	0,584	0,573	0,629	0,567	0,736	0,574	0,577	0,602	0,565	0,573	0,504	0,549	0,559	0,635	0,651	0,677	0,521	0,602	0,540	0,489	0,504	0,529	0,557	0,541	0,533	0,572	0,590	0,540	0,577	0,531	0,548	0,634	0,565	0,533	0,525	0,566	0,616	0,531	0,499	0,528	0,524	0,639	0,678	0,689	0,631	0,641	0,651	0,691	0,673	0,593	0,682	0,651	0,590	0,617	0,565	0,588	0,625	0,565	0,580	0,544	0,562	0,599	0,666	0,559	0,554	0,565	0,555	0,545	0,563	0,514	0,578	0,604	0,590	0,544	0,553	0,550	0,562	0,553	0,682	0,688	0,627	0,575	0,553	0,488	0,611	0,566	0,554	0,550	0,598	0,701	0,535	0,638	0,590	0,654	0,632	0,590	0,597	0,624	0,598	0,628	0,548	0,546	0,568	0,506	0,665	0,584	0,528	0,536	0,570	0,573	0,481	0,539	0,555	0,631	0,697	0,678	0,564	0,551	0,576	0,561	0,520	0,559	0,611	0,642	0,568	0,555	0,535	0,532	0,553	0,552	0,552	0,649	0,586	0,555	0,531	0,546	0,548	0,548	0,550	0,600	0,588	0,594	0,646	0,684	0,627	0,692	0,673	0,676	0,710	0,611	0,661	0,688	0,588	0,614	0,546	0,572	0,628	0,571	0,540	0,523	0,553	0,557	0,643	0,568	0,584	0,581	0,574	0,521	0,546	0,551	0,669	0,703	0,567	0,533	0,520	0,576	0,541	0,552	0,657	0,667	0,646	0,553	0,527	0,486	0,626	0,552	0,557	0,579	0,594	0,683	0,524	0,562	0,495	0,545	0,585	0,572	0,635	0,641	0,573	0,615	0,597	0,578	0,609	0,511	0,678	0,597	0,587	0,593	0,586	0,628	0,521	0,566	0,570	0,602	0,534	0,554	0,516	0,527	0,601	0,547	0,522	0,551	0,673	0,664	0,521	0,565	0,586	0,546	0,588	0,559	0,557	0,660	0,534	0,557	0,583	0,550	0,602	0,542	0,512	0,530	0,524	0,616	0,674	0,640	0,632	0,653	0,642	0,658	0,662	0,678	0,701	0,675	0,609	0,662	0,562	0,623	0,607	0,550	0,538	0,531	0,557	0,585	0,634	0,537	0,546	0,527	0,570	0,542	0,532	0,562	0,609	0,642	0,532	0,554	0,572	0,601	0,550	0,549	0,622	0,624	0,625	0,555	0,523	0,497	0,622	0,578	0,545	0,567	0,602	0,677	0,482	0,551	0,512	0,567	0,610	0,664	0,650	0,578	0,634	0,584	0,569	0,570	0,624	0,564	0,647	0,586	0,566	0,561	0,565	0,571	0,487	0,532	0,523	0,618	0,622	0,625	0,560	0,529	0,603	0,547	0,517	0,551	0,621	0,611	0,566	0,535	0,559	0,535	0,561	0,557	0,561	0,628	0,536	0,562	0,508	0,526	0,572	0,545	0,536	0,547	0,527	0,596	0,650	0,683	0,603	0,646	0,642	0,678	0,699	0,607	0,742	0,638	0,569	0,641	0,564	0,578	0,587	0,505	0,530	0,515	0,557	0,576	0,623	0,537	0,528	0,530	0,597	0,584	0,542	0,546	0,630	0,659	0,553	0,512	0,560	0,574	0,546	0,566	0,678	0,683	0,639	0,578	0,554	0,499	0,590	0,547	0,535	0,521	0,559	0,662	0,541	0,591	0,573	0,600	0,595	0,607	0,589	0,604	0,653	0,655	0,532	0,506	0,551	0,484	0,654	0,574	0,566	0,530	0,561	0,620	0,481	0,513	0,571	0,618	0,619	0,623	0,559	0,529	0,553	0,508	0,559	0,572	0,618	0,596	0,537	0,544	0,560	0,525	0,571	0,552	0,528	0,630	0,583	0,571	0,540	0,531	0,613	0,495	0,457	0,480	0,488	0,587	0,638	0,661	0,618	0,653	0,619	0,670	0,658	0,604	0,670	0,653	0,621	0,693	0,584	0,625	0,573	0,534	0,561	0,538	0,534	0,547	0,643	0,539	0,542	0,563	0,537	0,553	0,541	0,517	0,620	0,650	0,600	0,521	0,549	0,584	0,546	0,538	0,707	0,681	0,661	0,558	0,546	0,524	0,589	0,566	0,551	0,609	0,574	0,695	0,495	0,540	0,528	0,561	0,610	0,601	0,600	0,621	0,600	0,627	0,609	0,602	0,632	0,549	0,672	0,574	0,555	0,571	0,561	0,611	0,471	0,513	0,553	0,646	0,647	0,665	0,526	0,555	0,584	0,479	0,483	0,524	0,589	0,626	0,587	0,574	0,581	0,565	0,559	0,572	0,575	0,644	0,559	0,541	0,539	0,561	0,554	0,559	0,533	0,571	0,584	0,592	0,635	0,588	0,625	0,709	0,718	0,682	0,690	0,633	0,682	0,692	0,623	0,653	0,589	0,608	0,592	0,551	0,534	0,549	0,552	0,595	0,674	0,578	0,572	0,553	0,559	0,569	0,558	0,518	0,609	0,634	0,584	0,503	0,540	0,594	0,574	0,544	0,678	0,680	0,617	0,555	0,543	0,523	0,622	0,581	0,607	0,626	0,603	0,683	0,513	0,568	0,547	0,571	0,647	0,601	0,631	0,592	0,614	0,689	0,604	0,598	0,619	0,531	0,633	0,589	0,549	0,550	0,550	0,601	0,496	0,567	0,582	0,651	0,680	0,681	0,555	0,562	0,552	0,527	0,524	0,563	0,605	0,619	0,554	0,524	0,564	0,575	0,550	0,576	0,571	0,695	0,559	0,548	0,610	0,547	0,560	0,674	0,605	0,574	0,625	0,645	0,709	0,721	0,668	0,674	0,659	0,636	0,705	0,636	0,697	0,649	0,628	0,695	0,623	0,655	0,580	0,511	0,559	0,567	0,567	0,616	0,670	0,580	0,576	0,590	0,571	0,582	0,574	0,605	0,723	0,714	0,602	0,597	0,612	0,620	0,584	0,549	0,702	0,677	0,658	0,657	0,599	0,519	0,596	0,594	0,604	0,617	0,602	0,728	0,625	0,685	0,605	0,625	0,608	0,607	0,616	0,690	0,675	0,723	0,679	0,687	0,703	0,589	0,719	0,647	0,622	0,577	0,604	0,667	0,596	0,635	0,611	0,677	0,633	0,615	0,654	0,636	0,658	0,638	0,607	0,697	0,758	0,750	0,582	0,627	0,643	0,631	0,621	0,638	0,664	0,694	0,616	0,647	0,588	0,614	0,603	0,626	0,641	0,637	0,645	0,625	0,692	0,713	0,644	0,727	0,692	0,591	0,643	0,704	0,692	0,737	0,558	0,671	0,546	0,741	0,669	0,621	0,590	0,639	0,579	0,611	0,600	0,585	0,529	0,569	0,613	0,573	0,534	0,533	0,578	0,604	0,756	0,730	0,812	0,529	0,643	0,676	0,841	0,806	0,550	0,554	0,604	0,656	0,554	0,513	0,510	0,569	0,541	0,520	0,638	0,646	0,624	0,608	0,550	0,488	0,490	0,506
3,00	0,490	0,494	0,481	0,509	0,501	0,483	0,479	0,478	0,651	0,650	0,525	0,528	0,551	0,514	0,506	0,524	0,582	0,628	0,665	0,562	0,553	0,531	0,668	0,528	0,690	0,789	0,817	0,822	0,537	0,538	0,594	0,749	0,659	0,633	0,636	0,631	0,645	0,644	0,536	0,562	0,620	0,668	0,584	0,577	0,595	0,603	0,575	0,695	0,820	0,694	0,605	0,601	0,623	0,618	0,643	0,647	0,624	0,618	0,644	0,649	0,656	0,631	0,612	0,592	0,662	0,659	0,592	0,760	0,753	0,618	0,609	0,651	0,636	0,607	0,676	0,619	0,637	0,601	0,607	0,637	0,635	0,586	0,645	0,608	0,595	0,628	0,600	0,524	0,572	0,578	0,653	0,627	0,601	0,618	0,596	0,619	0,657	0,578	0,603	0,662	0,620	0,628	0,655	0,655	0,614	0,663	0,650	0,599	0,516	0,523	0,544	0,580	0,536	0,612	0,572	0,625	0,572	0,575	0,568	0,628	0,615	0,671	0,575	0,617	0,526	0,674	0,673	0,618	0,611	0,597	0,614	0,590	0,552	0,549	0,556	0,599	0,553	0,643	0,589	0,560	0,619	0,634	0,620	0,621	0,573	0,586	0,614	0,638	0,770	0,761	0,657	0,666	0,729	0,856	0,727	0,621	0,639	0,630	0,630	0,622	0,592	0,629	0,574	0,604	0,676	0,684	0,571	0,693	0,707	0,610	0,573	0,577	0,546	0,563	0,687	0,682	0,659	0,502	0,536	0,571	0,586	0,564	0,569	0,503	0,511	0,524	0,539	0,477	0,523	0,541	0,665	0,584	0,548	0,538	0,551	0,592	0,663	0,607	0,598	0,630	0,569	0,607	0,657	0,654	0,593	0,615	0,606	0,584	0,589	0,588	0,547	0,591	0,557	0,555	0,555	0,599	0,556	0,519	0,530	0,632	0,581	0,655	0,566	0,629	0,545	0,590	0,625	0,640	0,523	0,550	0,577	0,583	0,508	0,527	0,527	0,512	0,513	0,615	0,575	0,611	0,627	0,575	0,551	0,580	0,521	0,591	0,556	0,640	0,764	0,748	0,628	0,635	0,724	0,791	0,622	0,549	0,545	0,538	0,564	0,564	0,572	0,582	0,540	0,550	0,642	0,709	0,548	0,700	0,696	0,548	0,584	0,582	0,541	0,548	0,615	0,594	0,579	0,540	0,546	0,569	0,590	0,581	0,603	0,520	0,548	0,540	0,576	0,538	0,533	0,537	0,642	0,552	0,546	0,574	0,570	0,572	0,586	0,543	0,578	0,613	0,576	0,592	0,595	0,590	0,573	0,604	0,611	0,545	0,528	0,534	0,523	0,563	0,496	0,492	0,518	0,574	0,536	0,541	0,536	0,579	0,614	0,630	0,589	0,516	0,543	0,658	0,655	0,643	0,556	0,564	0,558	0,541	0,531	0,628	0,631	0,514	0,609	0,616	0,512	0,568	0,574	0,585	0,578	0,561	0,512	0,596	0,587	0,618	0,735	0,709	0,623	0,685	0,685	0,724	0,684	0,587	0,613	0,572	0,590	0,585	0,567	0,590	0,526	0,541	0,655	0,673	0,545	0,686	0,678	0,543	0,579	0,606	0,561	0,551	0,666	0,634	0,645	0,521	0,552	0,523	0,586	0,591	0,587	0,528	0,521	0,549	0,536	0,477	0,493	0,519	0,606	0,519	0,527	0,514	0,543	0,582	0,622	0,605	0,563	0,584	0,582	0,581	0,645	0,596	0,602	0,623	0,605	0,561	0,524	0,540	0,565	0,632	0,522	0,530	0,487	0,574	0,543	0,531	0,518	0,574	0,576	0,581	0,548	0,556	0,537	0,595	0,594	0,637	0,548	0,561	0,581	0,548	0,595	0,549	0,571	0,564	0,550	0,610	0,589	0,541	0,601	0,588	0,613	0,564	0,552	0,609	0,615	0,585	0,701	0,688	0,611	0,637	0,696	0,715	0,677	0,564	0,568	0,550	0,584	0,590	0,583	0,576	0,578	0,535	0,662	0,692	0,543	0,652	0,676	0,549	0,558	0,592	0,530	0,560	0,685	0,659	0,659	0,532	0,520	0,519	0,586	0,583	0,571	0,533	0,517	0,542	0,538	0,488	0,518	0,524	0,644	0,527	0,501	0,526	0,559	0,565	0,615	0,594	0,638	0,583	0,543	0,597	0,625	0,620	0,633	0,653	0,586	0,570	0,568	0,534	0,530	0,628	0,530	0,502	0,487	0,553	0,558	0,509	0,502	0,556	0,572	0,603	0,574	0,564	0,500	0,680	0,700	0,682	0,563	0,570	0,571	0,536	0,496	0,527	0,529	0,513	0,547	0,592	0,568	0,540	0,577	0,566	0,589	0,589	0,549	0,617	0,591	0,674	0,750	0,694	0,596	0,610	0,723	0,739	0,666	0,580	0,603	0,558	0,597	0,589	0,581	0,576	0,538	0,564	0,605	0,582	0,564	0,677	0,669	0,523	0,540	0,550	0,544	0,538	0,710	0,678	0,658	0,522	0,519	0,552	0,647	0,542	0,570	0,496	0,485	0,514	0,506	0,479	0,514	0,521	0,615	0,568	0,540	0,548	0,551	0,588	0,634	0,619	0,599	0,688	0,581	0,600	0,644	0,585	0,582	0,616	0,595	0,575	0,500	0,493	0,519	0,603	0,496	0,525	0,477	0,529	0,516	0,566	0,525	0,616	0,608	0,616	0,547	0,579	0,541	0,687	0,707	0,691	0,531	0,567	0,547	0,562	0,465	0,492	0,499	0,493	0,492	0,577	0,561	0,564	0,592	0,600	0,566	0,592	0,548	0,551	0,532	0,601	0,706	0,724	0,645	0,629	0,633	0,723	0,646	0,588	0,565	0,539	0,574	0,582	0,610	0,583	0,526	0,537	0,656	0,670	0,564	0,679	0,666	0,529	0,551	0,594	0,609	0,568	0,651	0,672	0,684	0,539	0,574	0,608	0,666	0,604	0,600	0,547	0,540	0,544	0,609	0,491	0,500	0,522	0,608	0,540	0,517	0,487	0,531	0,569	0,634	0,604	0,597	0,608	0,568	0,580	0,601	0,582	0,628	0,613	0,605	0,553	0,571	0,565	0,566	0,653	0,541	0,506	0,489	0,554	0,532	0,522	0,508	0,583	0,567	0,579	0,537	0,533	0,542	0,653	0,655	0,685	0,513	0,586	0,612	0,608	0,561	0,622	0,645	0,566	0,578	0,569	0,553	0,545	0,610	0,623	0,528	0,573	0,535	0,569	0,566	0,590	0,706	0,679	0,630	0,640	0,739	0,760	0,652	0,579	0,576	0,578	0,623	0,593	0,582	0,588	0,549	0,541	0,640	0,684	0,564	0,647	0,666	0,550	0,563	0,573	0,563	0,565	0,697	0,694	0,702	0,515	0,579	0,549	0,620	0,605	0,581	0,536	0,535	0,561	0,607	0,535	0,553	0,541	0,590	0,514	0,537	0,535	0,570	0,594	0,627	0,651	0,619	0,588	0,539	0,591	0,638	0,627	0,582	0,605	0,608	0,576	0,596	0,601	0,572	0,664	0,496	0,491	0,454	0,539	0,534	0,536	0,532	0,587	0,545	0,572	0,562	0,594	0,525	0,673	0,671	0,687	0,542	0,587	0,613	0,587	0,545	0,659	0,696	0,574	0,713	0,689	0,552	0,531	0,589	0,613	0,594	0,620	0,615	0,636	0,623	0,729	0,805	0,771	0,667	0,673	0,758	0,727	0,735	0,648	0,647	0,618	0,619	0,645	0,630	0,609	0,600	0,586	0,678	0,682	0,593	0,658	0,668	0,572	0,574	0,609	0,606	0,582	0,668	0,687	0,692	0,548	0,583	0,593	0,652	0,606	0,638	0,570	0,565	0,602	0,612	0,572	0,585	0,575	0,706	0,601	0,610	0,615	0,603	0,647	0,626	0,633	0,648	0,673	0,643	0,603	0,603	0,625	0,675	0,653	0,675	0,619	0,621	0,635	0,640	0,643	0,561	0,585	0,505	0,578	0,622	0,594	0,626	0,616	0,600	0,615	0,639	0,583	0,599	0,609	0,621	0,695	0,612	0,650	0,654	0,621	0,632	0,767	0,800	0,615	0,738	0,706	0,608	0,608	0,629	0,648	0,600	0,646	0,578	0,572	0,617	0,624	0,694	0,720	0,608	0,647	0,689	0,773	0,680	0,597	0,605	0,595	0,588	0,678	0,713	0,701	0,561	0,557	0,560	0,580	0,574	0,579	0,557	0,566	0,584	0,564	0,586	0,559	0,813	0,812	0,824	0,691	0,559	0,687	0,544	0,546	0,591	0,618	0,618	0,572	0,591	0,591	0,529	0,547	0,587	0,612	0,676	0,623	0,488	0,538	0,499	0,537	0,566	0,545	0,511	0,511
4,00	0,464	0,484	0,488	0,505	0,499	0,525	0,462	0,509	0,508	0,483	0,500	0,513	0,526	0,514	0,500	0,539	0,545	0,632	0,639	0,607	0,533	0,776	0,860	0,817	0,810	0,605	0,601	0,545	0,544	0,546	0,541	0,566	0,558	0,580	0,592	0,515	0,512	0,553	0,650	0,569	0,557	0,513	0,532	0,571	0,584	0,618	0,587	0,607	0,587	0,618	0,700	0,596	0,570	0,635	0,675	0,604	0,612	0,611	0,717	0,616	0,610	0,634	0,579	0,617	0,620	0,638	0,717	0,622	0,616	0,687	0,629	0,655	0,661	0,672	0,653	0,610	0,652	0,592	0,636	0,615	0,628	0,618	0,554	0,604	0,719	0,767	0,659	0,594	0,712	0,658	0,610	0,617	0,567	0,606	0,621	0,571	0,585	0,622	0,676	0,690	0,601	0,612	0,697	0,626	0,672	0,581	0,651	0,622	0,573	0,646	0,573	0,576	0,607	0,629	0,569	0,685	0,677	0,589	0,547	0,594	0,627	0,686	0,652	0,634	0,657	0,556	0,522	0,555	0,554	0,616	0,625	0,587	0,610	0,556	0,594	0,691	0,580	0,539	0,636	0,600	0,606	0,585	0,607	0,651	0,568	0,601	0,621	0,627	0,639	0,637	0,718	0,738	0,669	0,633	0,643	0,601	0,594	0,618	0,688	0,600	0,591	0,571	0,561	0,638	0,604	0,562	0,638	0,585	0,557	0,605	0,597	0,600	0,595	0,603	0,584	0,537	0,584	0,738	0,691	0,660	0,694	0,566	0,521	0,553	0,539	0,691	0,668	0,576	0,627	0,574	0,613	0,570	0,566	0,540	0,563	0,569	0,569	0,627	0,609	0,644	0,567	0,565	0,660	0,656	0,625	0,569	0,550	0,593	0,592	0,563	0,566	0,591	0,643	0,658	0,550	0,625	0,685	0,566	0,554	0,547	0,567	0,637	0,596	0,620	0,648	0,597	0,484	0,572	0,553	0,587	0,577	0,534	0,614	0,543	0,544	0,569	0,538	0,510	0,606	0,554	0,581	0,541	0,573	0,588	0,613	0,603	0,625	0,633	0,636	0,616	0,688	0,697	0,639	0,655	0,615	0,581	0,574	0,581	0,612	0,531	0,529	0,538	0,548	0,606	0,532	0,522	0,660	0,514	0,551	0,636	0,572	0,595	0,571	0,565	0,578	0,565	0,588	0,609	0,614	0,577	0,577	0,572	0,520	0,559	0,566	0,697	0,665	0,541	0,669	0,588	0,608	0,565	0,555	0,580	0,602	0,562	0,561	0,606	0,551	0,630	0,570	0,550	0,621	0,577	0,576	0,558	0,515	0,586	0,546	0,560	0,541	0,573	0,582	0,621	0,525	0,645	0,723	0,588	0,539	0,543	0,592	0,666	0,585	0,631	0,657	0,588	0,509	0,546	0,520	0,563	0,570	0,547	0,627	0,538	0,577	0,647	0,534	0,522	0,634	0,530	0,606	0,548	0,546	0,588	0,577	0,546	0,576	0,585	0,568	0,606	0,628	0,719	0,645	0,629	0,618	0,594	0,600	0,592	0,649	0,553	0,542	0,602	0,553	0,607	0,502	0,508	0,706	0,600	0,592	0,654	0,573	0,577	0,550	0,521	0,561	0,519	0,536	0,688	0,636	0,615	0,623	0,546	0,535	0,558	0,547	0,700	0,652	0,535	0,649	0,597	0,602	0,586	0,557	0,574	0,573	0,537	0,540	0,605	0,588	0,598	0,548	0,576	0,591	0,589	0,595	0,612	0,534	0,595	0,576	0,507	0,534	0,610	0,564	0,623	0,570	0,654	0,718	0,558	0,522	0,502	0,565	0,616	0,597	0,642	0,655	0,553	0,508	0,590	0,565	0,571	0,576	0,578	0,636	0,550	0,528	0,670	0,549	0,543	0,582	0,522	0,533	0,514	0,506	0,634	0,585	0,562	0,589	0,588	0,613	0,607	0,712	0,692	0,574	0,637	0,596	0,552	0,545	0,551	0,600	0,525	0,548	0,563	0,543	0,577	0,524	0,524	0,598	0,560	0,554	0,610	0,597	0,567	0,539	0,535	0,579	0,569	0,561	0,699	0,676	0,651	0,665	0,587	0,557	0,523	0,595	0,719	0,656	0,532	0,606	0,578	0,613	0,569	0,579	0,616	0,584	0,514	0,567	0,599	0,576	0,633	0,562	0,610	0,652	0,602	0,600	0,571	0,568	0,610	0,572	0,552	0,569	0,574	0,599	0,587	0,584	0,613	0,677	0,524	0,521	0,493	0,559	0,672	0,679	0,660	0,695	0,568	0,518	0,559	0,545	0,569	0,599	0,549	0,579	0,536	0,550	0,626	0,551	0,515	0,618	0,552	0,576	0,536	0,577	0,615	0,621	0,565	0,587	0,578	0,576	0,578	0,666	0,708	0,593	0,620	0,625	0,588	0,586	0,567	0,594	0,536	0,538	0,571	0,551	0,580	0,543	0,542	0,634	0,570	0,553	0,586	0,542	0,583	0,572	0,569	0,567	0,529	0,594	0,674	0,675	0,685	0,670	0,564	0,540	0,543	0,587	0,725	0,658	0,503	0,623	0,593	0,612	0,568	0,564	0,581	0,610	0,574	0,571	0,616	0,582	0,677	0,568	0,570	0,604	0,572	0,579	0,623	0,552	0,612	0,544	0,557	0,554	0,603	0,565	0,595	0,502	0,609	0,697	0,587	0,539	0,534	0,597	0,671	0,663	0,674	0,714	0,517	0,518	0,565	0,534	0,595	0,589	0,527	0,606	0,536	0,551	0,608	0,534	0,517	0,578	0,546	0,566	0,528	0,526	0,665	0,567	0,590	0,614	0,616	0,617	0,589	0,643	0,728	0,637	0,613	0,641	0,609	0,622	0,591	0,632	0,546	0,593	0,556	0,529	0,592	0,527	0,522	0,654	0,560	0,558	0,601	0,546	0,579	0,567	0,547	0,592	0,513	0,592	0,676	0,645	0,666	0,624	0,610	0,580	0,533	0,544	0,661	0,642	0,537	0,622	0,578	0,574	0,558	0,559	0,538	0,604	0,541	0,562	0,582	0,552	0,599	0,558	0,581	0,666	0,598	0,629	0,531	0,542	0,616	0,571	0,539	0,553	0,605	0,569	0,630	0,550	0,676	0,680	0,518	0,518	0,580	0,558	0,654	0,650	0,699	0,704	0,558	0,571	0,580	0,560	0,593	0,602	0,613	0,607	0,546	0,559	0,660	0,593	0,604	0,632	0,545	0,601	0,539	0,514	0,635	0,565	0,620	0,600	0,581	0,618	0,588	0,667	0,705	0,611	0,593	0,617	0,610	0,585	0,581	0,649	0,546	0,549	0,567	0,542	0,621	0,545	0,539	0,608	0,560	0,569	0,577	0,539	0,579	0,582	0,557	0,578	0,520	0,574	0,685	0,670	0,617	0,633	0,575	0,528	0,556	0,527	0,696	0,694	0,572	0,656	0,588	0,582	0,592	0,562	0,579	0,591	0,580	0,574	0,629	0,601	0,662	0,569	0,563	0,661	0,590	0,599	0,588	0,571	0,607	0,573	0,553	0,573	0,616	0,596	0,629	0,570	0,609	0,696	0,569	0,513	0,534	0,553	0,633	0,608	0,682	0,705	0,555	0,517	0,608	0,538	0,597	0,589	0,572	0,621	0,554	0,580	0,686	0,563	0,551	0,635	0,554	0,557	0,570	0,576	0,653	0,583	0,620	0,620	0,621	0,631	0,625	0,704	0,728	0,637	0,692	0,653	0,608	0,644	0,613	0,689	0,540	0,558	0,606	0,550	0,634	0,546	0,550	0,595	0,579	0,584	0,633	0,592	0,600	0,623	0,578	0,584	0,536	0,573	0,684	0,685	0,675	0,736	0,622	0,571	0,549	0,570	0,741	0,719	0,574	0,690	0,612	0,612	0,572	0,593	0,620	0,649	0,619	0,560	0,659	0,631	0,696	0,600	0,586	0,675	0,634	0,653	0,560	0,558	0,634	0,623	0,560	0,611	0,649	0,637	0,734	0,582	0,728	0,776	0,753	0,745	0,574	0,628	0,645	0,637	0,613	0,589	0,692	0,631	0,634	0,633	0,656	0,659	0,650	0,676	0,622	0,627	0,748	0,618	0,629	0,601	0,601	0,622	0,631	0,603	0,697	0,620	0,618	0,608	0,633	0,662	0,598	0,619	0,700	0,586	0,577	0,553	0,666	0,661	0,614	0,612	0,563	0,573	0,577	0,582	0,741	0,534	0,520	0,536	0,597	0,600	0,553	0,578	0,531	0,513	0,553	0,528	0,702	0,729	0,858	0,824	0,793	0,719	0,542	0,586	0,662	0,648	0,527	0,538	0,550	0,569	0,535	0,515	0,524	0,595	0,543	0,524	0,537	0,496	0,484	0,484	0,469	0,490	0,465
"x-axis"

