"Map measures:"	"D-50"	"%"	"sum   "
"Project:"	"project"
"Creator:"	"CATT-Acoustic v9.1b (build 1.03) / TUCT v1.1b:2.02"
"Date/Time:"	"2018-05-31 18:51:41"
"Air abs.:"	"on"
"Interference:"	"off"
"Adapt rays:"	"off"
"No of rays:"	500	"Diffraction: "	"off"
"Ech. length:"	1000	"ms"

"Layer:"	1	"of"	1	"Nx:"	9	"Ny:"	1002
	-0,50	0,50	1,50	2,50	3,50	4,50	5,50	6,50	7,50	8,50	9,50	10,50	11,50	12,50	13,50	14,50	15,50	16,50	17,50	18,50	19,50	20,50	21,50	22,50	23,50	24,50	25,50	26,50	27,50	28,50	29,50	30,50	31,50	32,50	33,50	34,50	35,50	36,50	37,50	38,50	39,50	40,50	41,50	42,50	43,50	44,50	45,50	46,50	47,50	48,50	49,50	50,50	51,50	52,50	53,50	54,50	55,50	56,50	57,50	58,50	59,50	60,50	61,50	62,50	63,50	64,50	65,50	66,50	67,50	68,50	69,50	70,50	71,50	72,50	73,50	74,50	75,50	76,50	77,50	78,50	79,50	80,50	81,50	82,50	83,50	84,50	85,50	86,50	87,50	88,50	89,50	90,50	91,50	92,50	93,50	94,50	95,50	96,50	97,50	98,50	99,50	100,50	101,50	102,50	103,50	104,50	105,50	106,50	107,50	108,50	109,50	110,50	111,50	112,50	113,50	114,50	115,50	116,50	117,50	118,50	119,50	120,50	121,50	122,50	123,50	124,50	125,50	126,50	127,50	128,50	129,50	130,50	131,50	132,50	133,50	134,50	135,50	136,50	137,50	138,50	139,50	140,50	141,50	142,50	143,50	144,50	145,50	146,50	147,50	148,50	149,50	150,50	151,50	152,50	153,50	154,50	155,50	156,50	157,50	158,50	159,50	160,50	161,50	162,50	163,50	164,50	165,50	166,50	167,50	168,50	169,50	170,50	171,50	172,50	173,50	174,50	175,50	176,50	177,50	178,50	179,50	180,50	181,50	182,50	183,50	184,50	185,50	186,50	187,50	188,50	189,50	190,50	191,50	192,50	193,50	194,50	195,50	196,50	197,50	198,50	199,50	200,50	201,50	202,50	203,50	204,50	205,50	206,50	207,50	208,50	209,50	210,50	211,50	212,50	213,50	214,50	215,50	216,50	217,50	218,50	219,50	220,50	221,50	222,50	223,50	224,50	225,50	226,50	227,50	228,50	229,50	230,50	231,50	232,50	233,50	234,50	235,50	236,50	237,50	238,50	239,50	240,50	241,50	242,50	243,50	244,50	245,50	246,50	247,50	248,50	249,50	250,50	251,50	252,50	253,50	254,50	255,50	256,50	257,50	258,50	259,50	260,50	261,50	262,50	263,50	264,50	265,50	266,50	267,50	268,50	269,50	270,50	271,50	272,50	273,50	274,50	275,50	276,50	277,50	278,50	279,50	280,50	281,50	282,50	283,50	284,50	285,50	286,50	287,50	288,50	289,50	290,50	291,50	292,50	293,50	294,50	295,50	296,50	297,50	298,50	299,50	300,50	301,50	302,50	303,50	304,50	305,50	306,50	307,50	308,50	309,50	310,50	311,50	312,50	313,50	314,50	315,50	316,50	317,50	318,50	319,50	320,50	321,50	322,50	323,50	324,50	325,50	326,50	327,50	328,50	329,50	330,50	331,50	332,50	333,50	334,50	335,50	336,50	337,50	338,50	339,50	340,50	341,50	342,50	343,50	344,50	345,50	346,50	347,50	348,50	349,50	350,50	351,50	352,50	353,50	354,50	355,50	356,50	357,50	358,50	359,50	360,50	361,50	362,50	363,50	364,50	365,50	366,50	367,50	368,50	369,50	370,50	371,50	372,50	373,50	374,50	375,50	376,50	377,50	378,50	379,50	380,50	381,50	382,50	383,50	384,50	385,50	386,50	387,50	388,50	389,50	390,50	391,50	392,50	393,50	394,50	395,50	396,50	397,50	398,50	399,50	400,50	401,50	402,50	403,50	404,50	405,50	406,50	407,50	408,50	409,50	410,50	411,50	412,50	413,50	414,50	415,50	416,50	417,50	418,50	419,50	420,50	421,50	422,50	423,50	424,50	425,50	426,50	427,50	428,50	429,50	430,50	431,50	432,50	433,50	434,50	435,50	436,50	437,50	438,50	439,50	440,50	441,50	442,50	443,50	444,50	445,50	446,50	447,50	448,50	449,50	450,50	451,50	452,50	453,50	454,50	455,50	456,50	457,50	458,50	459,50	460,50	461,50	462,50	463,50	464,50	465,50	466,50	467,50	468,50	469,50	470,50	471,50	472,50	473,50	474,50	475,50	476,50	477,50	478,50	479,50	480,50	481,50	482,50	483,50	484,50	485,50	486,50	487,50	488,50	489,50	490,50	491,50	492,50	493,50	494,50	495,50	496,50	497,50	498,50	499,50	500,50	501,50	502,50	503,50	504,50	505,50	506,50	507,50	508,50	509,50	510,50	511,50	512,50	513,50	514,50	515,50	516,50	517,50	518,50	519,50	520,50	521,50	522,50	523,50	524,50	525,50	526,50	527,50	528,50	529,50	530,50	531,50	532,50	533,50	534,50	535,50	536,50	537,50	538,50	539,50	540,50	541,50	542,50	543,50	544,50	545,50	546,50	547,50	548,50	549,50	550,50	551,50	552,50	553,50	554,50	555,50	556,50	557,50	558,50	559,50	560,50	561,50	562,50	563,50	564,50	565,50	566,50	567,50	568,50	569,50	570,50	571,50	572,50	573,50	574,50	575,50	576,50	577,50	578,50	579,50	580,50	581,50	582,50	583,50	584,50	585,50	586,50	587,50	588,50	589,50	590,50	591,50	592,50	593,50	594,50	595,50	596,50	597,50	598,50	599,50	600,50	601,50	602,50	603,50	604,50	605,50	606,50	607,50	608,50	609,50	610,50	611,50	612,50	613,50	614,50	615,50	616,50	617,50	618,50	619,50	620,50	621,50	622,50	623,50	624,50	625,50	626,50	627,50	628,50	629,50	630,50	631,50	632,50	633,50	634,50	635,50	636,50	637,50	638,50	639,50	640,50	641,50	642,50	643,50	644,50	645,50	646,50	647,50	648,50	649,50	650,50	651,50	652,50	653,50	654,50	655,50	656,50	657,50	658,50	659,50	660,50	661,50	662,50	663,50	664,50	665,50	666,50	667,50	668,50	669,50	670,50	671,50	672,50	673,50	674,50	675,50	676,50	677,50	678,50	679,50	680,50	681,50	682,50	683,50	684,50	685,50	686,50	687,50	688,50	689,50	690,50	691,50	692,50	693,50	694,50	695,50	696,50	697,50	698,50	699,50	700,50	701,50	702,50	703,50	704,50	705,50	706,50	707,50	708,50	709,50	710,50	711,50	712,50	713,50	714,50	715,50	716,50	717,50	718,50	719,50	720,50	721,50	722,50	723,50	724,50	725,50	726,50	727,50	728,50	729,50	730,50	731,50	732,50	733,50	734,50	735,50	736,50	737,50	738,50	739,50	740,50	741,50	742,50	743,50	744,50	745,50	746,50	747,50	748,50	749,50	750,50	751,50	752,50	753,50	754,50	755,50	756,50	757,50	758,50	759,50	760,50	761,50	762,50	763,50	764,50	765,50	766,50	767,50	768,50	769,50	770,50	771,50	772,50	773,50	774,50	775,50	776,50	777,50	778,50	779,50	780,50	781,50	782,50	783,50	784,50	785,50	786,50	787,50	788,50	789,50	790,50	791,50	792,50	793,50	794,50	795,50	796,50	797,50	798,50	799,50	800,50	801,50	802,50	803,50	804,50	805,50	806,50	807,50	808,50	809,50	810,50	811,50	812,50	813,50	814,50	815,50	816,50	817,50	818,50	819,50	820,50	821,50	822,50	823,50	824,50	825,50	826,50	827,50	828,50	829,50	830,50	831,50	832,50	833,50	834,50	835,50	836,50	837,50	838,50	839,50	840,50	841,50	842,50	843,50	844,50	845,50	846,50	847,50	848,50	849,50	850,50	851,50	852,50	853,50	854,50	855,50	856,50	857,50	858,50	859,50	860,50	861,50	862,50	863,50	864,50	865,50	866,50	867,50	868,50	869,50	870,50	871,50	872,50	873,50	874,50	875,50	876,50	877,50	878,50	879,50	880,50	881,50	882,50	883,50	884,50	885,50	886,50	887,50	888,50	889,50	890,50	891,50	892,50	893,50	894,50	895,50	896,50	897,50	898,50	899,50	900,50	901,50	902,50	903,50	904,50	905,50	906,50	907,50	908,50	909,50	910,50	911,50	912,50	913,50	914,50	915,50	916,50	917,50	918,50	919,50	920,50	921,50	922,50	923,50	924,50	925,50	926,50	927,50	928,50	929,50	930,50	931,50	932,50	933,50	934,50	935,50	936,50	937,50	938,50	939,50	940,50	941,50	942,50	943,50	944,50	945,50	946,50	947,50	948,50	949,50	950,50	951,50	952,50	953,50	954,50	955,50	956,50	957,50	958,50	959,50	960,50	961,50	962,50	963,50	964,50	965,50	966,50	967,50	968,50	969,50	970,50	971,50	972,50	973,50	974,50	975,50	976,50	977,50	978,50	979,50	980,50	981,50	982,50	983,50	984,50	985,50	986,50	987,50	988,50	989,50	990,50	991,50	992,50	993,50	994,50	995,50	996,50	997,50	998,50	999,50	1000,50	"y-axis"
-4,00	68,37	70,02	70,74	31,43	30,77	34,44	56,27	61,50	41,76	8,51	6,64	19,99	22,56	7,43	7,03	7,24	43,76	77,91	89,14	53,45	38,13	96,87	97,27	96,77	96,50	87,66	58,33	28,31	53,95	32,85	81,98	65,66	54,89	56,38	67,38	63,94	34,61	72,31	94,36	70,99	35,67	45,57	42,11	47,53	27,14	64,88	61,67	61,79	37,49	35,46	37,26	56,20	36,46	25,64	27,54	57,86	59,95	48,10	77,53	43,93	44,84	56,29	64,80	58,30	87,64	89,50	82,30	51,66	44,15	78,26	60,65	75,66	55,34	65,58	89,47	64,89	82,91	55,97	74,40	82,11	83,98	86,24	76,43	72,72	81,47	85,60	84,40	73,13	86,59	91,44	80,41	87,34	65,97	84,87	79,50	83,78	75,06	86,20	82,42	82,35	77,74	86,66	90,09	81,97	91,03	73,71	75,91	88,28	83,90	71,80	75,22	73,48	80,19	77,10	68,86	77,15	87,02	84,71	71,06	60,77	83,48	43,48	44,64	32,65	18,17	73,21	57,91	73,79	53,93	41,27	77,70	53,42	53,11	43,01	39,05	85,64	81,08	76,51	23,97	58,77	60,32	34,19	47,39	67,97	32,64	58,79	62,22	41,42	60,37	75,24	79,50	58,14	54,15	46,21	60,42	79,43	68,58	49,35	67,68	35,40	23,66	39,24	41,94	18,10	76,59	62,18	79,88	54,38	45,25	66,47	61,92	63,36	52,48	61,18	65,49	47,99	71,83	15,36	32,58	27,74	32,64	78,74	65,85	54,49	75,84	84,99	91,03	72,23	81,43	88,05	62,81	69,97	72,21	73,55	77,50	56,59	67,73	87,56	79,97	83,07	76,47	78,43	90,25	75,55	90,74	81,09	67,90	81,39	78,49	65,47	69,50	54,15	78,00	56,65	52,00	70,41	83,31	73,76	42,63	62,76	79,85	31,36	24,83	30,28	19,99	74,41	42,27	77,28	46,27	51,62	59,93	57,37	68,30	22,02	13,21	51,51	48,31	68,47	18,12	44,71	44,18	22,31	33,48	60,47	23,25	53,91	45,19	55,27	46,45	58,20	45,25	66,70	44,59	34,83	40,09	54,18	47,05	39,73	71,90	31,82	22,97	36,22	30,16	20,63	66,16	46,76	64,52	36,38	40,25	72,43	66,93	66,50	40,80	35,66	69,89	67,06	69,35	28,08	42,63	36,96	49,72	71,92	56,91	55,04	80,89	83,46	76,15	50,32	75,45	74,21	61,59	68,34	67,23	75,24	80,27	64,94	66,98	87,55	85,13	81,78	83,57	77,69	77,82	78,75	86,94	62,56	66,10	79,74	78,59	62,21	79,80	59,49	85,72	75,69	70,61	77,46	88,24	75,46	51,74	60,82	78,30	40,80	31,89	36,27	26,95	76,02	70,57	71,60	55,18	36,98	58,84	50,26	56,78	36,15	52,51	53,10	77,68	69,16	17,76	49,50	45,40	26,63	34,43	66,29	38,28	58,05	40,14	33,75	35,92	47,65	48,01	38,17	42,16	38,49	52,05	50,88	50,95	29,60	68,07	38,44	22,88	38,60	32,28	20,48	64,68	68,83	65,93	60,85	57,69	69,13	47,90	71,46	56,77	62,35	74,03	47,06	63,22	22,07	27,50	24,46	26,55	74,47	54,73	45,92	75,90	82,69	71,76	49,92	63,33	67,77	59,79	72,60	63,28	73,67	74,28	67,17	67,35	73,06	84,29	80,47	76,37	77,71	82,39	74,49	69,20	62,13	64,09	71,31	64,49	55,47	59,08	67,87	78,24	60,11	43,54	64,09	83,78	73,20	47,43	42,36	69,09	32,49	28,77	29,00	19,49	69,89	45,58	79,46	59,79	51,46	58,35	43,13	57,29	45,04	36,70	64,51	75,78	64,29	23,87	38,53	31,71	18,24	36,56	79,78	41,32	63,04	63,39	39,15	39,12	62,08	49,05	57,70	53,79	44,58	53,46	48,09	57,06	35,94	71,11	32,47	23,06	33,51	40,69	13,58	64,18	78,05	76,21	73,97	71,62	69,04	46,56	55,80	54,48	57,62	69,62	47,11	82,87	23,28	31,75	24,45	32,77	76,09	54,67	40,32	67,53	78,88	77,90	57,94	71,31	69,96	63,49	70,19	59,34	70,33	73,18	72,86	70,24	82,21	79,09	83,28	75,69	74,37	86,18	81,63	73,62	70,35	55,05	81,46	78,41	62,94	71,82	68,52	86,09	74,41	68,35	73,28	86,52	69,20	54,17	64,82	82,29	26,15	26,30	30,94	17,97	73,57	43,61	68,93	39,31	54,06	60,00	46,49	69,12	44,17	41,58	52,62	71,80	60,28	27,60	40,75	48,32	39,25	38,19	62,11	68,14	44,96	56,53	59,81	63,30	46,92	55,76	59,64	55,00	30,86	37,07	54,43	52,38	36,60	71,99	33,93	25,74	43,20	40,51	20,70	62,70	74,51	76,51	43,46	48,31	78,36	57,72	72,58	66,00	57,80	79,94	52,92	71,12	19,26	29,17	21,52	30,57	69,20	53,82	57,67	75,58	90,34	75,58	60,04	73,93	81,68	69,75	71,15	69,07	81,89	81,85	61,39	71,28	83,32	89,23	77,37	82,57	72,80	71,33	77,25	85,13	68,84	67,39	76,66	75,04	62,71	71,50	69,42	79,72	67,72	52,36	71,25	80,37	74,52	60,87	69,07	72,72	31,19	37,33	28,98	17,26	65,68	55,26	66,33	62,44	72,93	56,21	48,74	76,30	54,20	44,18	79,60	70,23	63,46	22,06	44,54	43,25	24,11	34,35	66,45	36,06	57,22	55,53	41,90	38,90	56,06	41,56	49,34	43,81	39,44	59,27	64,81	57,27	42,09	56,14	37,74	23,87	39,21	52,02	20,64	65,31	67,40	81,48	46,81	43,29	59,22	43,66	60,11	49,54	45,12	73,24	50,25	75,31	16,96	29,67	23,81	30,39	83,57	56,86	47,57	74,00	84,56	68,09	54,65	66,01	72,60	64,33	70,71	62,02	75,09	71,39	60,88	66,87	79,77	82,98	83,90	84,71	74,76	79,23	72,74	83,15	69,80	66,49	78,09	70,15	64,72	70,38	68,14	82,14	69,98	56,52	70,71	88,65	73,77	62,41	70,13	63,23	52,17	39,07	39,47	31,56	67,63	52,03	79,42	56,49	35,31	52,00	35,76	72,97	50,97	56,51	70,41	71,08	73,85	16,85	28,19	36,42	27,67	43,40	75,94	44,73	59,52	53,39	44,60	36,51	50,63	47,32	50,48	53,61	39,80	40,86	50,62	53,43	40,15	59,90	25,10	21,75	31,89	36,85	34,24	63,64	59,64	66,53	52,98	43,91	59,29	50,68	56,63	51,34	48,54	70,38	43,86	76,41	22,18	31,95	27,25	38,06	77,72	52,32	50,28	74,06	88,66	78,14	52,92	66,67	84,89	73,73	72,72	69,72	75,94	82,61	59,32	74,18	74,08	87,20	81,83	81,32	81,74	77,90	78,36	82,90	71,77	62,68	80,58	82,19	70,09	75,18	70,76	85,42	94,08	74,91	89,67	88,43	74,94	59,47	62,96	74,15	32,61	23,93	24,89	19,36	75,11	59,28	70,83	59,84	43,19	63,38	62,31	70,98	44,59	48,05	67,83	72,37	60,58	37,10	47,85	28,59	22,08	46,28	72,23	31,04	51,06	43,72	43,23	49,09	54,17	45,67	47,03	58,27	38,15	32,59	56,04	47,41	39,59	79,07	37,35	20,27	31,85	41,45	19,25	71,32	80,69	81,40	43,45	48,44	60,94	53,28	65,52	41,82	64,07	69,81	47,79	75,51	28,28	39,09	38,34	43,84	76,31	65,30	56,62	83,38	83,12	69,91	62,94	70,02	91,82	70,17	70,31	65,26	74,80	83,51	68,23	73,71	84,47	83,43	93,49	88,52	82,82	87,23	84,46	77,57	64,48	57,50	79,26	87,11	81,96	84,22	76,93	84,30	88,90	76,30	90,68	83,90	88,59	77,12	52,49	88,78	77,15	71,18	77,85	67,82	89,67	66,52	84,16	66,34	84,99	91,40	72,76	90,54	57,74	82,11	90,29	89,92	93,79	72,16	67,67	65,37	29,68	42,98	74,28	65,60	71,82	51,62	30,71	26,76	42,84	52,85	63,65	68,77	57,66	65,11	63,76	74,73	23,46	35,87	55,49	40,79	55,89	53,08	79,17	37,68	60,83	77,51	82,40	65,13	55,03	54,51	40,83	39,90	42,26	60,45	65,30	89,59	97,36	97,33	98,17	98,11	65,30	38,84	66,70	76,10	61,02	8,13	6,04	6,54	65,13	44,26	6,51	5,84	44,82	20,42	38,98	34,46	51,62	42,66	63,24	76,17	71,17
-3,00	48,87	44,31	22,99	23,37	38,87	29,62	30,09	12,04	13,16	47,39	36,73	34,97	14,37	14,26	27,29	33,89	82,10	57,74	45,74	47,77	51,90	29,92	82,16	85,05	83,04	91,90	94,64	87,24	38,44	30,62	64,02	44,01	34,59	38,66	52,73	69,46	59,83	57,83	72,99	56,05	72,41	74,69	58,84	42,21	70,65	72,62	40,83	61,55	60,75	70,89	43,08	60,01	95,34	84,74	55,16	69,14	62,58	76,93	71,78	50,66	27,98	50,76	68,15	17,69	33,09	39,43	33,43	68,04	67,03	54,58	52,22	53,06	46,31	36,95	82,41	87,82	55,37	47,42	54,97	82,77	62,12	25,29	55,40	58,64	73,51	80,22	79,42	61,75	62,07	75,84	85,32	71,49	68,81	84,35	77,12	74,93	86,37	83,83	89,37	89,63	87,54	87,39	88,70	88,29	86,95	85,64	91,37	81,23	82,79	89,66	69,78	91,16	55,64	75,39	75,11	66,05	77,92	64,91	61,68	71,72	48,97	74,68	64,06	22,13	48,22	16,62	15,21	12,32	58,00	67,07	81,36	56,99	21,32	83,68	80,57	45,36	78,22	67,72	57,10	33,49	15,90	10,02	45,61	41,35	31,70	31,19	41,86	57,83	81,96	93,54	60,09	63,78	83,04	82,68	61,95	31,02	16,16	39,77	37,44	45,74	9,88	8,69	36,63	27,21	59,24	55,34	20,95	65,97	70,11	41,74	49,79	72,70	52,19	32,74	15,70	17,00	35,42	23,64	37,44	71,37	67,94	36,90	38,58	50,85	57,99	63,85	64,12	60,39	47,94	52,77	87,43	62,39	66,79	88,95	86,21	68,37	66,78	73,23	79,94	86,39	86,60	82,68	89,08	79,76	81,88	70,59	86,72	80,51	82,51	82,48	62,45	87,05	69,01	66,79	60,14	53,62	71,70	55,18	49,01	45,76	33,84	59,52	71,93	34,14	30,78	18,91	16,61	15,53	20,60	62,27	55,74	57,63	30,40	76,81	67,80	17,89	44,11	48,38	31,26	30,23	10,17	12,65	53,69	24,91	46,98	24,13	31,47	51,22	74,65	74,05	57,44	57,08	89,29	77,82	51,12	30,54	27,42	38,80	31,84	62,59	15,06	15,10	47,09	27,01	26,21	32,88	7,74	46,34	48,98	13,45	50,56	50,11	42,11	62,34	39,12	44,62	29,28	35,43	36,78	70,55	76,06	34,35	50,91	67,39	54,91	69,53	68,73	47,13	54,60	63,87	81,26	56,48	73,69	83,12	75,30	71,43	75,67	72,92	82,95	85,24	82,51	86,28	80,42	88,72	83,36	77,36	73,72	79,75	85,15	77,04	71,22	88,05	53,51	57,50	51,73	56,91	70,97	54,06	42,89	43,42	37,35	63,38	56,23	34,55	31,71	24,84	34,16	30,11	41,16	31,92	50,45	46,07	35,21	52,24	60,30	30,91	65,33	60,23	22,01	40,20	9,90	11,83	30,19	25,56	26,12	19,07	29,63	29,98	68,92	73,35	43,63	45,30	74,27	66,43	53,28	30,48	19,66	33,21	36,33	41,00	10,74	9,96	43,40	21,51	41,80	29,11	14,06	44,20	44,78	17,91	34,56	59,53	27,46	59,23	18,58	15,10	17,27	50,97	48,27	50,27	56,83	33,65	49,73	46,50	50,96	65,74	65,60	58,33	40,18	45,06	81,00	56,72	81,11	82,66	70,69	75,52	72,37	82,62	79,48	82,96	71,81	83,23	89,73	82,57	81,44	78,84	75,50	74,54	76,81	74,42	56,72	81,68	41,57	53,98	51,55	55,22	52,64	50,76	60,85	58,95	31,82	73,44	64,45	31,17	29,15	21,72	26,11	12,26	29,04	39,67	62,33	73,33	47,90	80,35	76,19	22,77	53,98	37,00	26,94	27,10	9,26	14,52	46,90	41,36	35,02	19,99	20,54	67,73	70,46	72,56	47,61	41,47	82,98	82,59	47,86	28,44	26,33	46,27	32,54	44,42	8,82	8,97	17,66	26,37	50,29	38,91	9,59	59,28	55,58	13,44	53,70	59,32	49,47	35,63	15,08	19,08	22,55	28,00	38,00	70,50	70,33	42,68	51,02	40,65	60,15	58,22	70,12	56,42	44,05	47,98	80,91	55,84	71,65	79,64	74,18	84,11	73,01	61,74	83,58	78,07	77,37	75,97	85,00	80,93	78,02	69,88	82,82	75,82	84,12	76,40	72,50	88,00	48,11	50,79	65,22	79,19	63,81	41,80	46,72	49,99	32,41	59,43	66,61	46,95	31,01	16,19	16,39	17,31	26,62	46,90	73,38	58,89	36,38	64,12	62,98	24,80	32,22	44,92	37,31	43,22	9,64	13,90	63,50	34,45	25,62	25,02	35,27	49,34	76,57	87,94	43,46	56,50	74,63	75,23	41,89	25,14	16,66	41,43	27,53	34,37	12,82	10,75	41,06	24,24	32,96	25,25	16,40	47,19	45,89	9,05	36,66	73,54	50,24	24,50	11,85	13,28	16,70	37,36	47,07	60,86	58,56	25,77	45,06	51,24	62,68	59,70	72,20	51,64	55,37	44,49	78,23	62,81	79,58	83,54	82,14	78,25	58,55	68,47	80,45	76,47	90,19	72,83	86,26	78,51	71,20	81,57	73,46	77,80	79,79	85,40	67,08	81,33	50,42	62,80	59,42	79,16	62,41	58,84	45,34	58,18	33,96	70,70	53,87	28,66	34,04	19,28	14,41	14,76	30,55	65,19	69,74	66,04	37,76	64,47	54,60	26,25	55,16	54,71	18,50	27,77	9,59	11,18	38,33	26,53	32,38	23,20	27,61	46,46	79,80	85,95	42,39	34,56	74,70	81,91	66,96	34,89	25,03	39,55	31,64	44,99	12,56	8,87	32,40	17,06	32,59	21,55	6,44	39,92	39,04	10,10	38,11	67,82	57,92	46,09	13,00	14,24	18,26	46,45	42,32	58,83	69,54	47,22	60,91	63,41	69,81	66,40	70,89	46,15	45,85	36,62	75,77	61,81	80,83	88,19	84,55	80,94	78,61	73,25	83,10	93,92	85,94	72,76	79,13	80,17	75,34	73,93	74,44	69,92	84,55	83,19	78,30	81,81	50,80	52,48	51,65	65,48	64,03	66,87	57,39	71,29	37,18	80,24	60,35	34,12	28,32	33,04	31,19	31,34	19,08	35,10	67,30	59,64	34,97	59,34	58,51	32,70	51,42	50,66	18,14	23,97	12,56	11,60	46,28	43,70	37,18	18,77	27,08	40,45	73,18	75,97	47,07	34,65	81,78	80,66	39,17	24,79	35,11	52,00	40,99	30,06	15,89	9,00	24,76	30,04	33,67	27,41	6,21	44,46	40,24	10,62	37,70	64,20	50,46	53,77	15,71	13,77	13,97	30,94	43,16	60,34	58,65	26,35	46,76	44,39	68,16	66,01	71,29	49,18	57,09	49,26	85,37	59,80	69,63	82,46	75,78	82,54	81,53	77,69	81,92	88,32	79,98	79,03	90,61	85,68	80,25	73,98	80,12	68,85	85,85	74,96	57,76	87,71	60,47	63,14	64,16	70,52	67,67	77,01	58,85	49,17	27,67	59,96	63,76	49,84	52,11	14,53	14,50	17,53	45,70	49,73	57,96	61,69	38,94	61,65	68,42	14,41	49,60	57,55	29,31	61,93	12,01	14,26	55,62	38,33	34,31	19,15	28,29	62,09	80,47	84,10	49,49	49,79	80,52	80,41	68,41	29,80	18,22	41,29	46,65	46,31	16,26	13,98	45,89	49,57	28,89	22,46	7,78	43,90	45,42	16,64	31,19	68,21	64,39	64,09	20,85	17,07	19,06	32,77	37,79	65,70	75,17	38,74	72,27	59,96	51,03	77,63	74,24	75,90	68,24	56,80	86,37	60,20	87,82	91,16	79,30	83,17	80,87	78,36	85,28	84,20	84,69	77,38	87,67	93,58	74,33	79,74	68,88	81,35	90,38	91,64	74,30	69,24	55,20	66,05	55,21	73,99	82,14	42,00	58,36	68,63	39,24	71,84	76,63	52,86	58,70	76,38	84,86	41,89	38,01	59,92	73,86	72,69	72,69	74,63	79,00	27,07	63,20	57,72	30,72	59,39	26,96	53,24	74,59	30,08	48,43	61,50	49,97	52,29	63,48	86,59	38,86	61,35	45,44	63,61	63,91	21,43	37,62	80,26	50,07	65,63	88,18	89,59	55,38	46,74	5,06	4,79	11,31	3,27	3,04	2,95	6,87	37,63	52,67	51,00	96,26	95,31	96,05	60,05	76,70	92,04	66,10	62,17	31,51	38,01	47,86	79,47	80,18	32,34	23,02	48,11	57,78	70,53	67,47	40,94	23,42	60,30	53,70	47,78	24,27	13,19	21,21	54,68
-2,00	31,25	27,30	46,09	81,77	76,99	68,37	24,61	45,89	51,56	17,90	18,02	33,17	51,05	12,60	34,05	59,09	38,40	93,14	95,68	91,71	92,12	28,41	28,47	91,74	89,29	93,55	53,88	51,20	32,26	52,58	69,33	66,38	46,88	56,54	23,36	43,71	93,74	49,87	34,89	42,52	42,51	44,39	93,21	47,73	29,26	41,00	42,79	44,13	43,07	56,83	72,81	80,49	59,02	45,95	84,50	81,34	50,68	17,63	29,10	71,60	56,76	32,66	48,31	42,67	58,55	60,30	41,06	71,52	66,26	44,02	39,21	73,38	58,09	59,73	67,92	70,69	51,88	28,98	40,25	76,75	33,44	78,32	57,39	71,43	83,66	85,24	64,22	76,63	89,30	86,93	79,57	78,78	68,65	83,40	88,82	87,50	86,34	85,36	90,44	86,71	86,37	84,58	90,64	81,52	88,49	83,92	91,15	89,68	93,43	83,52	81,47	86,45	64,36	91,35	55,24	69,76	78,69	79,37	55,44	61,25	60,75	43,15	62,46	25,96	34,96	75,39	85,13	82,79	33,85	56,16	69,95	60,11	30,29	37,72	50,26	59,98	7,83	35,62	47,55	35,90	26,72	48,31	26,14	37,80	24,31	39,93	62,91	64,57	86,87	33,20	46,08	57,48	50,47	41,71	69,77	67,22	60,51	34,27	34,24	15,71	30,04	27,05	21,36	36,10	36,55	8,39	54,07	55,19	54,83	49,90	53,64	59,52	45,89	40,00	56,67	54,44	28,78	18,89	22,13	62,36	27,22	51,21	49,16	54,32	69,70	62,71	57,80	51,91	80,64	72,09	71,32	80,34	76,42	86,57	81,12	86,43	72,48	79,01	75,76	94,28	76,48	74,55	79,64	90,42	89,20	80,66	90,32	89,14	87,92	65,98	67,80	86,96	61,07	83,77	70,00	67,02	60,11	69,03	61,84	31,50	35,68	37,51	52,76	18,90	19,39	29,32	57,86	53,05	25,32	31,32	53,79	42,35	49,47	48,23	38,86	32,61	12,18	38,49	35,82	19,72	32,55	30,93	22,59	37,42	18,93	32,89	57,73	55,17	44,89	29,96	51,06	34,35	48,94	55,81	65,52	68,61	19,25	9,35	17,63	13,06	14,60	27,43	17,56	33,34	30,65	7,01	34,65	40,87	24,33	35,72	53,32	34,17	54,69	46,54	62,85	70,31	58,32	35,80	42,81	62,30	44,90	61,74	57,41	48,68	73,59	67,56	72,59	48,71	87,22	57,50	77,48	63,82	77,42	90,92	90,53	76,94	73,16	85,55	67,25	79,75	82,37	81,66	84,08	83,69	85,45	76,93	81,32	86,36	91,26	66,09	74,94	81,48	68,59	88,28	58,12	65,30	65,93	77,10	59,56	44,14	33,14	23,09	55,69	43,86	33,42	50,67	64,02	72,93	50,18	39,86	38,12	36,70	50,57	37,47	28,10	27,30	7,76	26,54	29,60	26,22	28,02	23,16	20,52	34,17	20,31	32,69	59,01	59,28	36,93	35,61	36,92	27,20	33,39	42,29	69,74	72,67	19,30	11,32	10,84	6,99	6,08	12,40	19,04	38,70	41,37	14,87	43,17	39,59	52,22	46,32	57,46	34,03	40,02	41,14	65,00	73,37	49,13	27,89	44,52	69,36	34,43	47,78	51,19	51,53	69,19	69,48	59,43	49,23	82,21	63,07	69,09	68,74	66,98	88,33	83,32	82,27	72,60	86,17	89,19	87,39	68,41	88,40	90,69	78,11	83,50	72,70	85,42	87,48	91,51	79,25	70,43	71,27	59,43	88,01	51,73	64,89	63,47	76,85	54,01	53,42	59,67	28,50	63,45	32,27	27,41	53,68	71,72	63,84	51,07	45,91	52,08	53,95	51,38	32,12	24,69	30,53	7,55	16,57	23,16	16,17	20,61	29,35	33,73	24,57	18,44	27,77	67,77	82,62	46,17	30,72	31,49	33,43	42,13	45,37	81,71	79,23	28,74	9,73	11,20	8,92	8,68	14,82	15,41	34,35	38,67	7,89	34,06	50,11	38,89	37,77	44,16	79,99	52,81	54,47	70,52	73,50	38,11	22,39	28,29	59,81	26,80	42,73	54,32	60,74	70,34	60,37	62,61	58,80	81,28	68,39	62,20	68,98	76,12	84,00	88,46	77,06	71,24	70,01	81,82	85,29	73,09	84,67	88,66	92,28	84,62	86,83	86,04	92,71	92,07	76,58	81,34	83,66	71,62	88,71	55,13	68,91	71,71	69,79	61,72	59,44	51,64	24,13	56,85	23,32	17,36	29,81	61,65	69,69	64,78	52,55	34,95	55,69	46,60	44,97	41,31	38,95	15,22	37,12	23,48	19,82	51,17	46,57	28,84	32,60	14,27	29,96	65,74	64,89	67,12	52,14	64,92	67,55	31,00	42,84	57,62	64,72	20,79	7,31	8,71	7,75	6,19	9,94	22,64	38,76	21,76	7,68	45,77	67,97	44,79	47,57	32,29	49,10	39,80	39,36	66,91	65,53	35,82	22,42	25,26	58,65	49,10	56,62	68,94	69,01	82,55	61,09	63,72	70,86	89,34	58,64	78,08	63,92	67,54	95,01	88,66	78,24	68,00	85,16	83,45	78,81	73,30	80,47	80,94	87,53	81,06	70,38	94,01	74,20	87,10	75,11	80,37	80,33	64,98	89,12	67,66	70,79	81,55	84,36	74,59	58,03	49,10	33,65	59,75	32,45	21,41	34,89	72,77	68,94	40,80	68,38	65,54	49,84	51,78	30,03	33,38	40,80	7,26	48,45	40,48	19,39	31,39	28,96	21,14	40,07	18,26	32,82	65,53	61,78	37,08	29,92	35,05	26,91	23,67	38,97	58,57	63,47	18,67	7,77	8,27	6,96	6,84	9,15	23,73	45,27	42,64	7,65	38,74	55,62	47,57	49,16	48,15	47,65	55,22	46,84	56,58	63,06	32,94	31,20	31,64	61,67	32,60	52,40	58,63	54,18	71,78	74,74	72,60	60,85	81,92	56,14	61,35	65,86	62,29	92,55	94,60	88,23	83,34	88,97	80,30	87,85	79,46	86,09	71,66	83,84	79,27	80,98	80,04	79,65	94,01	74,77	77,70	86,40	55,46	73,69	50,16	67,32	73,58	76,63	63,00	60,07	46,19	41,73	61,15	38,73	24,32	44,41	70,42	60,51	55,41	51,41	51,92	43,09	40,79	41,09	44,52	46,16	12,42	34,90	32,43	24,23	36,45	33,96	23,20	40,58	25,43	34,28	68,02	67,73	47,56	58,61	35,41	46,96	51,06	35,53	66,69	76,18	17,01	7,60	8,53	6,82	6,21	21,64	19,45	35,59	37,86	23,12	34,05	62,04	39,60	47,16	45,51	38,35	36,68	55,22	69,49	72,45	34,51	24,46	24,56	71,30	41,94	47,15	39,11	60,23	76,19	78,48	71,32	56,90	82,83	59,06	86,44	68,69	62,17	81,45	83,75	72,60	73,49	86,80	82,00	92,34	83,52	86,55	88,72	86,24	79,04	78,58	66,10	78,00	93,83	81,17	80,74	82,19	70,02	80,69	58,91	76,16	75,86	75,15	58,76	42,50	28,57	29,73	80,36	38,75	24,61	40,59	76,92	76,83	37,25	34,90	32,89	47,27	38,36	28,74	37,70	69,42	15,73	53,52	34,00	29,91	37,34	41,10	43,78	42,66	23,96	34,28	56,69	56,06	51,92	33,22	59,48	37,36	68,10	57,90	58,03	57,06	18,06	9,28	18,14	9,62	6,38	10,13	21,56	32,40	32,35	7,76	35,33	44,78	48,07	42,25	55,88	69,76	37,44	45,17	91,43	85,27	45,03	31,52	48,09	45,21	63,14	59,55	52,66	71,33	76,29	83,26	76,02	75,42	85,08	62,25	81,28	71,14	76,86	93,98	87,22	85,42	79,02	77,95	84,96	87,51	73,54	77,84	89,72	87,74	78,85	84,93	78,64	89,11	89,78	83,27	85,43	92,36	51,27	96,37	73,34	76,67	81,52	87,87	82,47	86,70	63,33	27,48	81,33	42,78	37,14	49,91	67,92	56,08	58,92	80,55	69,01	33,70	30,38	57,78	42,16	68,04	53,11	62,90	54,30	25,93	38,99	46,34	76,96	35,07	13,34	39,16	82,19	64,83	40,62	49,59	75,65	62,09	79,04	46,88	58,84	54,22	5,86	4,12	4,03	30,11	3,73	21,81	66,05	51,73	72,40	98,07	45,19	36,60	43,94	63,77	79,69	51,46	47,96	49,05	31,89	67,49	94,91	94,09	97,11	28,48	28,96	79,75	81,06	92,57	85,79	44,88	57,50	52,16	26,62	62,89	65,88	50,53	47,51	57,45	31,10	34,70	72,06	84,61	81,76	56,21	42,39	75,62
-1,00	50,10	34,05	67,67	41,28	47,35	39,61	21,38	50,64	53,03	17,21	17,61	52,87	18,49	12,40	16,56	82,27	88,61	75,16	25,98	52,60	54,02	50,43	57,04	49,39	42,83	39,59	66,20	92,33	93,40	95,51	90,24	91,93	91,02	91,07	52,67	46,68	56,15	28,86	36,78	35,83	55,26	7,36	44,31	45,26	43,59	85,59	54,31	30,59	16,62	5,94	5,69	41,83	88,58	89,09	94,27	59,85	64,99	71,92	77,88	74,60	63,87	42,14	73,71	35,70	27,78	87,96	80,66	91,47	88,66	86,43	76,19	66,42	26,09	84,48	90,43	82,11	84,58	68,77	59,86	56,04	33,94	64,21	91,02	89,09	73,92	58,21	73,28	70,55	85,02	82,48	75,14	77,95	74,36	70,06	92,38	90,72	87,75	81,60	83,67	92,95	83,07	87,14	85,62	89,32	84,07	86,33	79,93	80,86	90,64	74,79	79,02	73,54	84,67	90,05	89,34	72,08	50,41	57,23	78,70	87,19	73,62	56,82	71,26	64,33	69,36	67,85	93,33	90,92	82,82	30,40	12,41	12,11	31,15	54,47	85,08	76,77	28,62	46,27	25,76	52,12	41,22	13,17	58,87	61,20	61,18	86,51	39,36	64,63	57,57	58,58	56,98	55,34	85,65	86,21	85,59	29,59	18,18	58,71	26,72	42,55	43,44	23,00	49,10	23,04	43,96	39,44	85,72	83,90	68,37	49,91	22,26	29,77	14,61	70,03	74,64	85,72	62,51	64,97	56,39	33,54	28,86	74,94	80,76	86,70	65,17	50,43	57,71	77,58	87,38	70,43	66,62	73,33	72,66	84,96	85,31	89,79	85,95	78,52	77,47	82,39	88,12	89,62	88,44	74,78	76,35	78,52	83,58	92,91	91,96	74,21	81,01	73,34	79,34	81,11	66,09	69,48	42,13	83,09	86,75	81,31	60,72	41,82	29,43	44,19	58,94	72,12	76,77	63,11	57,63	15,96	18,52	17,33	41,52	63,30	86,19	71,60	35,28	27,50	24,33	42,15	29,02	7,45	35,77	35,33	34,81	64,34	37,90	39,14	34,13	33,70	34,84	42,13	91,15	72,78	85,96	29,91	29,71	49,82	41,37	33,70	25,80	19,69	50,23	19,81	35,90	24,72	58,31	76,02	58,80	37,64	18,86	15,93	24,32	76,55	76,92	89,08	74,03	78,04	60,30	44,44	52,67	69,56	80,32	81,17	63,95	49,03	65,06	65,16	90,05	80,01	69,17	72,98	84,54	90,92	91,46	69,96	83,79	80,85	74,12	87,46	78,19	84,17	88,89	88,98	82,93	87,70	79,51	86,35	89,03	78,90	68,80	73,10	82,70	82,84	80,54	70,71	44,33	61,78	83,81	75,50	50,99	32,10	62,03	79,51	83,19	82,38	79,22	61,52	61,73	16,66	12,70	13,17	29,88	55,13	82,14	75,26	37,20	31,41	26,15	41,10	27,00	7,18	38,48	39,42	40,47	79,58	43,57	43,37	29,01	31,34	29,64	41,78	83,40	77,55	83,39	41,88	24,68	51,44	53,77	57,96	38,01	33,45	39,04	21,16	38,33	31,29	81,07	82,72	62,14	37,19	22,33	23,24	18,61	78,69	79,06	87,03	75,85	75,22	47,88	58,98	52,31	60,32	77,02	89,80	69,65	46,83	59,74	71,00	74,52	78,52	75,92	70,81	76,89	81,95	86,51	80,73	76,08	78,37	83,10	84,08	67,73	76,13	83,05	78,82	81,27	95,01	88,39	91,73	87,50	75,05	73,70	64,20	77,31	82,83	61,73	74,82	48,43	72,35	71,26	56,50	52,99	33,41	43,93	50,68	72,74	75,02	89,23	84,90	83,40	25,17	21,16	35,41	61,68	79,81	81,68	78,45	19,45	32,30	24,63	24,15	30,61	13,60	44,24	45,18	45,35	62,60	34,53	46,77	43,71	47,91	47,80	55,83	90,13	80,75	86,57	58,36	31,31	55,70	54,55	37,53	15,35	24,01	28,13	24,56	31,71	33,67	73,22	76,80	58,58	37,08	18,37	16,90	16,29	67,23	69,39	77,18	69,45	70,75	59,00	40,65	31,64	65,35	82,03	83,77	83,43	55,34	55,70	75,91	85,51	74,99	67,92	77,68	78,16	86,02	82,69	70,61	81,76	74,01	86,72	87,70	87,80	88,34	83,68	86,26	78,92	87,80	71,94	90,57	90,80	72,29	87,08	68,24	79,92	88,23	68,24	53,86	38,66	59,46	87,25	83,18	60,62	21,91	35,12	61,28	62,27	61,71	81,94	73,24	67,70	18,56	11,97	12,35	31,61	56,44	82,43	70,40	40,83	37,60	14,10	53,57	42,00	12,87	40,69	39,28	43,77	64,41	56,60	53,51	50,87	58,85	56,85	49,34	90,10	84,08	89,48	51,59	57,63	67,36	48,97	53,84	25,54	18,87	36,62	20,21	38,05	24,32	79,20	82,26	55,17	32,82	15,79	14,22	19,18	73,22	71,59	81,17	65,40	67,19	55,90	43,21	32,94	69,90	78,74	85,75	70,27	49,72	64,42	74,19	88,61	71,96	72,51	71,34	80,10	80,41	89,35	70,07	82,61	84,98	80,07	83,81	84,74	75,74	90,55	87,08	82,28	84,97	84,48	83,78	89,94	67,19	83,53	65,26	68,21	81,75	63,00	76,54	51,17	72,54	88,18	80,25	67,44	34,31	45,53	46,15	72,08	71,21	85,03	78,64	72,30	21,22	12,01	11,79	40,57	61,30	87,97	78,10	32,15	40,81	19,45	33,15	29,77	12,69	68,39	67,74	65,32	75,33	22,13	38,45	34,38	35,80	34,25	46,55	79,88	75,29	83,92	37,96	28,79	66,82	50,15	48,83	29,19	30,30	37,83	22,86	41,72	64,79	80,27	83,56	44,71	20,74	14,03	22,14	26,05	61,97	63,54	82,60	78,16	73,64	48,07	41,99	31,20	55,59	72,97	86,33	73,01	49,21	63,23	73,93	83,40	71,42	69,09	79,67	74,67	86,52	92,05	90,03	90,70	84,39	87,21	89,76	89,98	87,36	86,95	82,29	86,17	91,38	79,41	87,22	80,75	67,73	71,39	76,15	69,66	77,76	68,27	68,23	38,54	57,34	87,74	83,32	59,93	28,52	37,68	59,17	76,47	73,39	76,94	82,32	71,68	33,19	15,61	15,78	36,16	60,23	78,82	80,75	36,49	30,77	32,19	33,38	18,44	7,75	45,37	46,34	44,90	76,98	38,36	43,29	39,05	41,62	35,86	35,81	79,34	77,56	93,15	40,19	35,13	79,67	73,33	51,75	29,92	35,09	35,47	29,81	40,30	36,53	78,01	89,05	69,10	44,13	15,11	13,09	18,15	63,92	64,48	84,49	68,90	62,76	46,47	46,33	37,39	54,90	87,10	80,50	66,61	44,87	59,52	68,18	81,34	85,34	75,67	74,54	79,48	92,49	92,93	84,90	88,34	82,96	85,09	81,16	78,37	87,66	85,84	79,34	78,79	89,90	86,71	93,53	91,10	68,31	66,43	70,00	81,66	85,70	64,31	69,26	54,62	70,69	80,20	83,23	66,42	47,55	65,51	69,98	72,82	75,94	88,93	78,70	74,20	31,02	16,32	19,88	33,33	59,70	82,66	77,72	47,19	26,85	21,59	39,06	22,04	28,09	93,04	87,44	92,83	77,07	40,86	90,93	80,40	92,58	84,79	80,41	84,59	82,18	91,78	41,77	36,83	72,16	44,87	64,79	28,97	42,83	43,80	17,08	56,04	42,10	76,00	86,64	54,20	31,92	15,16	15,04	26,39	75,74	80,28	86,52	68,12	56,54	44,64	68,10	48,74	75,15	81,31	88,59	66,80	44,74	59,72	69,66	86,88	79,59	65,54	83,37	71,16	96,35	82,70	85,19	93,39	84,39	84,95	87,45	86,35	76,97	94,77	82,72	79,41	86,73	69,70	91,44	93,63	74,39	89,73	70,46	85,08	95,10	80,03	83,09	70,29	84,84	87,81	86,87	79,49	29,58	43,38	67,38	75,57	75,00	89,82	90,69	84,25	45,59	68,14	48,02	79,21	93,88	93,46	92,68	79,50	63,58	29,42	59,44	41,32	48,00	60,08	67,83	42,24	30,27	41,09	83,31	78,60	83,37	78,51	47,74	79,56	24,52	32,63	50,15	59,15	50,42	67,88	66,43	48,42	38,90	69,70	59,21	40,64	29,93	47,99	39,72	83,54	93,10	88,57	91,51	93,41	97,80	92,40	59,15	69,66	78,40	56,83	51,94	63,68	43,41	46,25	44,65	86,84	90,24	96,57	51,75	31,62	32,70	51,80	22,68	22,11	44,23	65,66	65,40	46,70	31,93	40,64	89,50	31,46	28,55
0,00	32,69	32,15	48,11	33,30	29,97	20,23	51,72	90,01	84,24	60,22	10,29	9,38	29,13	71,96	57,29	43,31	59,09	69,56	83,52	24,61	26,45	45,37	59,04	61,43	44,45	97,55	92,33	89,24	96,82	91,32	52,57	63,24	71,05	56,92	71,21	58,80	41,25	47,86	35,37	36,22	51,71	65,65	64,98	82,96	50,98	53,28	49,17	59,09	53,99	71,47	68,84	68,76	72,97	74,44	33,39	42,90	22,32	35,99	45,28	37,08	28,18	18,24	76,49	46,23	22,17	34,28	81,66	30,60	45,25	87,45	92,51	68,36	61,42	36,70	72,86	55,70	76,79	86,48	84,53	53,35	59,48	63,05	50,26	81,24	75,32	54,90	74,55	78,12	75,24	84,91	85,69	84,52	78,26	84,68	86,95	90,42	76,59	77,85	92,58	82,38	88,18	88,10	87,97	91,05	92,80	80,38	79,13	93,25	77,71	80,03	83,01	70,60	75,73	81,84	80,54	69,14	65,46	62,30	32,85	61,70	55,23	61,86	77,73	91,63	86,95	41,00	19,87	35,59	12,45	12,40	46,62	58,63	33,31	40,15	32,95	42,48	37,68	27,11	50,48	68,71	15,82	32,15	46,98	47,81	46,63	60,69	80,93	44,96	60,60	46,57	56,57	78,33	59,20	77,51	60,46	46,27	37,93	27,59	38,14	41,07	27,74	19,09	58,47	52,85	19,37	46,14	46,68	36,88	33,38	60,50	66,14	53,01	22,07	13,84	25,09	21,54	47,15	84,67	73,86	54,05	53,90	69,78	60,67	62,98	79,21	53,78	57,08	75,44	77,12	64,96	66,00	65,96	81,06	64,18	91,72	86,11	82,87	81,35	85,72	86,22	89,82	80,99	81,00	79,04	85,63	68,43	76,40	88,12	74,90	85,22	81,75	74,01	79,51	74,20	72,70	69,79	74,72	82,99	65,23	71,73	77,10	47,95	53,04	73,69	63,33	51,95	24,80	26,56	29,18	19,32	27,20	42,56	49,66	33,05	46,81	62,34	51,65	17,25	31,52	61,37	16,70	30,83	49,79	61,78	44,18	52,45	72,18	48,04	59,52	46,40	54,61	62,03	54,61	66,18	39,53	44,10	35,71	31,00	39,13	43,92	21,90	16,88	60,98	20,65	13,13	39,10	40,58	36,60	37,15	67,34	53,67	38,51	12,40	12,54	14,81	16,08	33,72	83,48	71,93	58,04	53,05	71,30	72,82	54,93	65,84	71,36	69,74	67,00	59,59	62,70	62,60	68,86	74,09	77,03	89,54	87,67	86,31	82,85	81,69	90,25	85,40	89,33	82,17	80,36	73,77	73,66	74,61	87,38	77,78	81,55	68,52	68,34	79,97	83,64	77,04	80,49	70,89	71,00	78,18	71,52	51,44	51,63	76,88	91,91	91,92	40,71	16,41	17,60	15,75	13,22	36,74	40,33	41,09	35,17	46,02	59,12	50,99	20,87	35,97	66,22	26,66	33,61	38,12	51,60	37,07	37,01	38,11	32,26	49,93	46,47	61,35	53,63	53,22	76,40	46,24	75,95	44,30	42,82	39,92	39,15	23,43	14,10	49,38	37,65	20,05	34,87	34,31	41,55	66,15	41,86	36,79	44,01	20,69	18,01	23,38	29,45	46,33	69,89	83,23	53,71	51,32	64,23	56,65	53,44	71,49	74,17	68,81	64,34	57,25	68,30	61,34	67,53	80,63	77,99	88,47	83,72	81,51	84,85	85,97	87,58	78,85	83,63	82,83	87,92	86,11	74,84	88,24	93,91	79,50	71,88	72,28	65,84	77,85	78,19	73,48	72,17	58,94	53,01	44,98	50,80	54,33	53,37	65,83	80,78	80,43	68,76	54,53	40,85	27,05	30,55	45,66	41,02	40,25	37,86	47,83	35,88	39,68	18,78	34,60	50,44	14,61	27,36	45,15	42,49	28,72	29,11	38,95	40,17	68,43	54,14	66,19	56,20	50,39	53,46	38,04	42,52	45,29	25,40	25,92	28,87	16,71	15,63	61,91	37,59	22,37	52,39	32,06	42,41	38,08	45,12	38,25	17,40	20,28	22,38	23,45	22,80	52,22	85,06	84,46	61,80	55,58	71,95	67,26	63,80	73,50	66,17	63,54	59,55	59,53	60,00	60,11	75,38	81,50	85,58	87,92	84,31	82,64	76,96	86,86	87,58	78,06	87,06	85,55	79,91	86,25	89,47	89,40	81,52	84,68	74,77	78,22	69,36	72,84	68,86	75,48	75,62	62,12	64,71	49,05	67,03	56,11	43,65	57,57	85,29	82,92	36,76	16,10	18,08	17,29	28,24	47,04	61,94	34,42	40,51	33,42	34,88	32,65	31,15	50,12	52,41	27,17	23,49	48,73	38,51	25,21	30,72	32,58	27,64	67,27	50,64	60,30	52,55	54,39	58,29	40,09	49,14	42,62	29,00	32,18	38,84	25,35	13,28	73,82	40,16	17,50	42,06	48,41	27,86	33,74	33,95	56,41	44,64	15,51	12,12	11,95	14,65	48,79	88,86	90,23	49,66	41,62	59,71	53,16	60,93	64,62	75,14	67,71	76,82	79,64	73,11	65,06	61,88	77,13	73,97	79,99	65,34	69,86	79,43	81,73	88,61	87,88	85,29	89,80	87,31	81,51	62,73	89,96	91,68	89,63	76,78	72,19	81,73	55,64	85,37	76,31	78,63	64,08	57,81	60,17	61,57	65,07	59,39	75,26	89,97	69,40	43,25	14,53	14,64	12,64	12,89	40,76	28,41	40,10	39,38	27,94	34,87	34,25	26,58	34,82	67,58	18,79	39,39	40,41	59,18	42,16	41,04	39,98	30,18	44,69	37,21	61,02	66,41	43,48	55,26	33,12	50,11	40,29	32,89	48,94	41,97	35,18	13,48	70,44	38,22	27,98	45,61	56,81	43,16	50,51	48,63	56,94	49,83	21,89	11,36	13,93	12,61	40,73	92,56	80,01	54,54	46,51	58,84	73,22	67,10	66,93	80,80	70,62	77,25	82,57	73,91	64,47	69,40	75,92	89,49	91,80	87,04	85,21	81,10	85,74	91,21	90,71	87,87	86,59	91,23	79,91	78,97	70,59	86,91	85,94	87,11	67,14	49,74	75,45	72,56	71,73	76,99	63,63	71,66	62,08	73,54	70,64	51,17	56,85	90,38	89,23	47,17	18,56	18,21	25,79	21,95	47,41	50,77	43,22	39,75	40,11	47,50	44,31	31,41	34,76	71,02	12,78	15,96	29,11	26,73	16,46	31,92	59,15	35,56	66,58	56,36	73,87	70,17	64,28	68,72	61,95	50,24	38,62	23,06	32,94	31,66	21,99	12,51	64,71	16,09	33,35	27,72	51,42	30,02	42,79	42,25	45,77	29,26	15,02	14,56	20,71	20,61	51,02	82,70	84,23	51,40	59,65	75,32	68,47	58,46	66,14	69,86	58,95	72,43	83,11	72,37	73,73	62,05	74,27	89,37	91,25	81,87	82,71	85,43	89,52	87,88	87,72	86,77	90,24	89,17	78,86	68,98	83,98	89,90	77,73	63,95	57,89	70,89	84,89	81,71	72,55	84,85	68,24	74,04	59,43	66,22	72,11	64,40	58,64	82,69	83,53	39,60	14,97	15,03	12,28	13,66	35,78	59,15	66,21	33,97	31,97	59,19	43,67	20,52	39,48	58,95	13,85	17,62	29,36	62,83	23,98	52,40	53,84	42,75	69,83	60,99	63,35	56,62	52,85	67,15	50,74	62,26	50,79	46,24	56,94	44,28	30,15	18,84	72,14	32,80	22,45	40,07	58,79	41,45	56,10	61,61	52,98	34,58	12,18	18,20	19,83	23,47	38,20	80,51	79,26	41,48	53,31	70,88	62,43	56,00	66,80	89,48	73,81	77,44	68,42	80,39	71,74	56,49	77,67	81,16	95,83	88,75	88,34	85,04	87,17	85,55	85,18	92,09	86,20	87,00	93,29	83,96	85,66	81,04	84,54	89,64	74,91	81,39	76,08	80,57	93,91	71,06	72,54	88,11	77,24	65,73	77,76	72,57	69,14	85,70	88,37	82,16	83,09	68,00	47,53	77,22	54,69	57,84	52,00	45,49	41,48	59,13	30,59	19,55	38,09	75,26	16,51	57,56	63,06	58,10	42,28	39,59	41,81	27,23	69,10	65,67	42,67	53,36	75,01	71,12	50,17	51,13	35,24	40,19	35,88	43,58	60,91	47,94	58,46	49,49	24,98	65,43	79,93	51,51	39,14	32,02	47,43	68,88	87,20	92,26	94,54	97,57	97,43	55,43	78,33	63,50	51,00	44,98	38,56	87,25	83,38	51,99	41,74	41,96	43,59	39,98	14,69	16,41	61,40	64,01	59,88	48,04	76,20	32,66	43,87	34,91	39,95	36,08
1,00	22,31	26,65	75,04	65,49	56,15	88,17	50,22	51,35	65,54	18,80	17,20	41,52	15,32	16,61	82,31	83,68	64,28	50,58	49,87	52,89	37,51	93,24	85,40	92,44	97,71	30,27	26,28	79,72	90,35	91,11	24,91	32,83	52,30	44,10	54,24	85,76	83,18	82,90	71,52	66,98	39,72	56,66	72,92	50,62	20,38	56,91	78,16	63,33	30,08	61,47	55,51	78,64	56,04	39,61	26,47	27,90	38,62	71,62	75,07	77,09	37,35	64,77	61,52	43,10	47,18	70,05	47,89	77,21	93,94	76,68	74,15	72,77	32,61	86,38	89,99	86,65	70,41	71,88	69,24	60,89	44,31	60,63	67,12	72,42	83,77	59,85	72,85	75,04	89,51	81,08	75,21	85,15	91,76	83,92	81,86	84,75	90,03	77,05	86,43	91,63	80,29	78,23	82,81	79,73	82,12	88,74	87,73	90,42	90,88	80,68	84,37	78,09	82,09	82,04	66,08	73,85	53,93	63,36	74,89	58,77	70,27	15,30	26,59	18,30	16,64	51,06	88,14	63,36	70,90	22,11	31,57	30,86	66,05	80,80	68,79	35,47	59,85	38,83	40,58	52,46	28,84	21,29	45,12	70,38	43,34	33,64	72,13	62,63	32,02	42,59	59,77	65,59	55,96	43,18	41,78	32,58	80,45	89,40	90,76	88,33	26,09	34,60	43,54	48,58	39,79	44,07	37,00	38,98	85,48	77,62	58,29	49,92	17,75	53,15	59,60	83,80	62,22	35,12	31,46	33,72	21,32	80,59	76,02	75,41	72,58	39,56	69,31	48,00	66,00	75,17	74,52	65,87	84,60	77,91	78,06	73,23	75,43	82,98	86,64	87,72	84,64	82,33	82,58	76,97	82,90	92,58	80,05	90,83	78,78	83,48	62,86	76,31	81,37	78,47	63,77	74,73	54,93	76,83	62,22	62,47	82,45	23,01	31,40	25,95	23,53	41,47	79,66	74,11	72,70	19,10	32,13	53,58	66,21	78,54	65,40	39,93	37,20	28,67	47,26	36,42	26,48	19,01	54,70	70,94	58,31	28,15	74,29	46,83	55,11	75,70	20,84	19,54	20,34	14,81	10,15	39,54	68,88	51,30	51,57	48,85	7,13	24,60	36,38	23,95	24,55	48,39	33,94	65,49	84,35	72,63	41,74	42,79	27,60	84,63	88,31	72,96	58,14	18,08	17,87	25,24	15,54	78,63	60,07	63,09	86,16	43,99	72,42	70,52	80,83	77,96	62,31	70,65	84,17	74,70	76,22	78,81	87,50	82,23	67,87	79,40	82,90	79,25	84,45	81,30	80,40	74,87	69,70	81,10	68,49	81,45	73,71	68,05	79,77	72,93	53,57	71,41	47,22	71,30	69,02	69,58	58,92	21,15	23,78	18,56	23,95	52,64	85,09	70,41	68,53	21,86	43,30	58,95	74,57	85,22	66,63	59,59	55,78	30,48	24,38	40,31	30,89	41,88	60,75	55,70	53,41	23,35	38,05	31,47	39,41	54,65	14,27	15,19	16,28	32,92	32,10	55,97	51,25	36,69	35,90	36,70	6,67	33,85	47,22	28,99	27,22	50,94	48,48	58,11	81,46	63,95	53,11	35,89	21,47	68,11	72,96	77,71	62,57	42,31	29,37	38,82	27,03	66,29	66,93	63,08	82,97	38,69	72,45	66,30	71,47	66,11	66,31	60,82	72,20	76,04	81,99	79,00	86,64	81,46	76,60	87,47	84,73	71,41	77,70	78,34	82,99	91,14	80,94	83,18	75,38	73,03	76,13	66,68	87,40	68,08	60,96	76,01	40,42	80,40	69,48	59,56	66,46	27,17	61,73	46,46	56,77	42,56	84,36	78,22	77,92	26,47	51,14	52,01	58,81	66,60	70,85	43,01	41,71	24,73	22,47	43,11	23,33	16,06	57,68	59,84	51,48	23,10	62,13	54,15	32,76	75,83	16,32	19,64	17,76	10,44	15,49	53,92	66,87	48,72	51,45	50,50	7,20	32,30	32,71	42,40	28,54	38,98	32,30	64,68	78,37	78,82	49,39	36,99	16,83	65,59	60,88	84,73	49,81	26,53	34,86	26,80	23,45	71,69	79,86	66,10	76,80	41,74	68,85	70,48	65,95	77,49	65,16	69,12	75,37	73,18	67,89	81,98	88,83	80,02	74,74	82,19	82,69	79,25	85,27	76,36	84,43	79,13	78,02	84,38	80,06	82,22	74,06	69,91	80,72	71,58	59,68	63,13	39,11	79,02	60,70	72,94	68,56	25,56	21,33	17,97	19,04	67,94	82,63	70,68	67,47	32,20	44,96	45,18	59,29	80,98	70,78	45,58	58,97	19,30	19,53	20,84	19,07	17,17	74,21	51,91	52,10	22,41	41,05	39,27	43,51	68,88	20,26	20,74	29,38	23,18	10,04	24,67	63,88	43,12	43,09	44,77	6,59	31,69	43,23	31,63	24,19	39,39	40,60	73,57	79,16	59,56	48,07	34,41	15,18	63,00	64,76	86,09	82,04	28,12	22,70	32,48	19,68	58,88	54,32	61,38	69,88	46,10	68,39	69,76	72,69	86,34	68,01	76,22	89,82	72,72	85,04	84,25	89,27	84,81	80,55	78,39	77,70	75,87	85,26	77,33	74,87	87,14	80,54	77,17	84,67	85,27	65,46	58,65	77,72	77,49	60,89	66,80	36,24	80,73	66,15	72,05	65,80	16,81	23,87	16,63	17,09	59,18	78,55	70,28	65,10	15,08	43,45	40,13	67,11	79,79	77,14	30,34	31,82	22,02	51,50	33,46	30,24	24,86	55,08	58,58	68,02	25,75	46,03	53,84	28,36	45,66	11,36	16,07	23,91	10,46	11,86	39,03	86,09	55,49	55,32	58,86	8,57	34,91	33,83	40,80	23,86	25,69	35,19	53,40	73,22	62,52	38,53	41,38	16,02	70,14	72,27	68,12	67,11	30,33	27,78	24,21	15,32	56,24	68,97	70,65	75,73	58,62	71,71	65,21	71,44	81,22	63,15	59,61	84,83	81,40	83,99	73,39	92,10	83,19	78,65	81,62	81,25	67,28	83,45	86,01	85,19	86,10	78,04	81,61	74,35	85,36	66,16	64,60	83,88	75,15	50,21	76,59	51,90	86,22	73,92	65,97	56,33	23,38	32,02	23,43	23,29	50,07	83,25	71,23	70,68	23,83	43,16	43,92	62,30	66,38	51,55	43,80	55,25	36,15	40,02	44,69	39,50	19,37	54,15	68,15	41,51	16,68	43,51	32,87	38,88	70,78	18,35	18,59	13,86	22,96	26,00	61,51	72,11	43,29	42,66	45,13	6,86	40,63	32,57	21,55	36,78	33,05	31,90	74,09	77,44	61,03	32,53	21,60	26,65	81,56	82,22	79,73	36,16	21,25	25,41	29,54	23,10	67,26	59,93	58,34	84,20	54,46	65,09	66,09	81,94	85,23	77,87	73,49	84,15	86,86	87,50	90,50	85,62	77,74	78,99	85,16	82,94	79,24	86,54	73,28	76,90	79,46	77,09	85,28	75,64	75,49	67,70	75,73	83,05	71,63	58,78	83,94	43,21	74,70	58,12	62,08	63,60	25,46	28,10	34,33	24,54	72,82	78,74	63,17	59,38	15,86	40,82	41,20	60,85	76,35	69,33	39,28	49,95	22,12	23,85	29,10	29,89	20,92	31,06	74,68	39,00	20,68	44,18	32,68	33,60	76,79	13,92	13,14	12,97	15,28	17,41	79,82	79,27	51,55	50,03	52,19	6,74	35,89	37,42	39,84	23,94	31,23	39,66	71,90	86,43	81,11	48,90	41,83	14,44	67,14	70,07	80,79	49,65	22,67	17,25	24,74	19,67	63,04	64,72	61,27	68,63	45,15	79,47	73,46	82,74	89,79	65,02	55,89	83,25	74,61	83,92	90,80	89,07	82,70	75,37	84,80	85,47	83,93	91,05	91,54	83,64	85,12	86,75	88,28	84,93	90,71	72,49	74,72	82,60	84,04	71,00	85,99	55,64	78,82	63,19	64,39	84,44	36,44	65,23	60,83	63,97	58,60	89,88	93,61	88,88	32,47	61,83	69,13	73,74	84,31	72,13	51,48	77,11	36,95	54,23	64,08	53,21	42,50	39,64	56,04	56,56	43,98	38,44	37,12	53,53	69,07	9,00	6,06	16,26	7,07	7,72	86,65	94,03	45,09	45,67	45,68	7,32	47,64	72,50	60,91	55,36	66,94	64,56	73,36	50,48	40,31	73,05	46,98	84,44	84,66	85,65	41,86	36,25	93,99	92,65	97,89	97,86	62,67	66,42	46,25	56,02	88,27	79,18	58,92	27,13	29,52	60,75	31,88	33,77	61,24	52,71	46,70	79,98	38,81	93,00	87,66	13,52	14,99
2,00	44,61	43,37	25,07	69,17	60,32	66,59	56,08	62,31	50,81	56,76	47,28	41,64	32,09	13,11	26,82	52,98	74,79	35,04	96,04	97,54	95,45	93,76	29,58	96,23	81,83	82,04	64,76	55,90	42,60	37,13	66,47	56,74	59,64	39,26	65,52	63,53	45,56	29,95	73,92	92,24	41,09	21,53	39,14	22,28	32,17	6,17	92,75	81,92	73,72	75,29	36,81	76,69	78,61	41,41	87,34	77,37	16,62	11,44	27,26	72,16	82,00	70,95	49,68	53,42	56,13	51,87	76,77	65,53	34,15	58,28	70,90	45,08	86,43	61,48	72,30	77,73	74,29	46,07	56,59	66,27	44,49	82,52	72,40	73,22	82,83	77,60	60,28	44,35	80,36	66,70	67,68	76,61	89,40	90,35	78,71	86,53	78,62	85,28	87,72	83,94	76,13	82,80	88,60	77,39	86,89	66,02	79,19	65,67	78,39	82,37	74,99	66,61	52,52	85,17	46,81	58,65	68,48	84,40	43,47	28,59	55,89	21,16	57,98	30,32	24,28	44,07	86,24	65,36	40,82	55,56	44,00	51,32	27,23	31,45	51,66	73,53	33,31	29,18	33,47	34,75	10,18	19,79	8,22	12,58	6,43	13,85	57,81	57,27	66,56	55,26	51,45	55,79	60,85	65,68	42,11	52,84	14,68	13,79	27,50	20,51	66,53	47,29	25,88	31,48	42,69	27,87	83,43	40,46	32,05	42,75	46,91	24,44	43,42	29,90	68,62	82,03	50,25	20,79	23,73	68,57	28,63	28,66	41,72	46,92	89,70	61,47	55,14	39,12	89,05	71,83	79,10	74,65	84,10	80,44	78,79	79,78	70,28	83,95	81,27	83,68	89,00	84,53	85,38	88,73	77,06	62,51	79,02	64,71	96,97	69,65	76,50	73,72	62,07	81,97	42,63	59,57	78,03	84,67	47,48	38,08	33,06	23,39	63,88	20,78	21,44	41,81	69,21	60,27	45,21	49,74	25,38	39,92	39,62	23,75	38,41	74,33	22,11	36,87	37,62	52,49	25,98	33,28	10,40	11,62	7,74	52,39	72,18	70,69	52,45	64,36	59,17	63,07	64,78	49,16	59,37	71,02	22,61	17,70	30,31	37,00	62,62	64,53	58,83	23,17	49,71	32,41	85,01	51,85	47,31	54,96	33,23	37,10	37,49	23,52	54,55	59,84	61,22	44,06	34,96	59,19	18,60	54,87	31,63	40,84	80,76	62,93	62,66	33,79	85,34	63,99	62,20	69,96	84,82	84,99	71,83	76,88	66,61	81,09	80,25	83,97	85,81	85,74	81,77	85,59	80,65	67,87	70,24	69,54	84,88	84,89	65,52	71,19	65,63	81,15	41,69	62,70	79,49	75,51	34,16	34,80	40,18	29,10	53,63	29,30	29,03	54,45	71,27	67,07	25,62	56,31	23,61	37,50	56,36	65,07	56,02	86,58	26,66	33,64	24,39	21,00	12,16	32,01	8,89	12,33	7,68	18,67	71,67	42,65	46,75	68,00	61,64	66,42	70,80	50,53	55,11	69,46	29,25	13,19	44,66	23,93	72,41	41,37	33,98	34,04	40,88	29,81	83,53	27,17	23,95	52,09	53,91	22,02	45,21	59,39	74,14	79,42	53,30	30,08	31,77	68,87	31,59	44,09	46,45	47,19	86,39	83,46	61,55	42,58	82,86	61,45	59,13	68,85	72,25	83,61	80,97	73,89	65,79	81,15	70,23	67,02	78,18	69,12	80,32	76,77	79,54	69,11	80,97	74,60	78,04	74,06	73,99	76,79	66,07	87,41	36,61	56,20	74,45	84,37	60,91	48,91	27,13	15,77	49,40	36,21	33,40	56,24	73,67	73,42	39,13	41,65	18,60	34,17	22,95	20,14	54,65	84,86	24,64	34,20	17,66	29,24	13,12	32,96	9,26	10,87	7,47	19,20	67,03	67,35	75,79	67,57	47,55	46,18	56,42	66,91	68,79	66,50	31,25	12,78	35,07	17,28	53,21	14,03	31,41	28,68	27,30	28,61	78,81	54,14	33,50	33,97	52,60	26,29	38,31	40,14	56,35	67,25	42,05	13,02	19,11	63,43	21,47	40,61	55,80	49,75	83,68	75,65	46,66	31,77	88,44	74,46	72,90	69,47	78,78	88,52	65,04	69,44	66,34	76,59	87,79	83,67	81,92	76,57	87,03	74,52	87,61	76,49	79,39	69,87	81,78	75,81	73,79	66,42	57,74	76,15	42,57	52,43	69,85	85,82	37,95	39,32	37,80	20,21	72,22	28,70	25,28	47,54	72,05	68,02	41,45	51,06	32,90	39,17	53,90	41,92	55,84	77,42	29,04	22,93	41,43	26,05	17,37	17,66	21,13	9,59	17,81	25,82	72,66	65,02	53,14	68,09	57,83	66,72	73,06	44,86	65,84	55,78	14,37	9,79	24,30	25,02	61,10	37,25	36,57	32,29	38,05	23,44	75,46	41,70	31,72	38,69	44,17	25,60	33,14	34,06	69,35	81,02	57,95	22,04	20,37	50,24	18,66	30,65	38,06	43,16	87,39	77,22	53,79	35,47	78,58	64,80	72,86	58,71	83,48	85,85	74,32	79,97	68,10	81,78	79,53	81,98	80,42	88,78	87,01	85,40	78,58	57,64	65,93	51,23	79,12	91,57	71,07	70,04	55,92	87,65	40,85	60,00	73,42	77,34	37,53	26,94	30,28	21,16	41,71	21,99	19,40	50,17	76,30	73,89	35,75	57,29	27,05	40,32	34,50	33,38	32,02	68,53	26,12	34,06	20,63	36,84	9,73	25,26	6,64	7,82	7,21	11,65	68,99	74,55	45,92	54,51	46,33	68,90	63,23	38,18	45,07	54,75	20,94	22,39	24,07	31,12	28,65	32,54	33,46	31,01	29,47	40,52	75,78	68,07	33,68	48,89	42,60	30,17	51,29	36,72	72,13	66,77	53,69	33,16	25,55	57,21	21,99	40,85	29,96	42,09	85,99	77,65	65,60	41,95	84,86	56,97	64,71	75,25	83,60	90,37	67,08	68,58	65,19	78,95	86,59	82,40	90,50	81,18	77,55	82,42	85,28	70,96	85,47	73,66	93,76	83,75	70,21	74,43	62,57	80,32	31,44	64,42	71,37	84,63	36,80	39,03	53,39	30,29	79,82	18,62	26,29	39,92	71,16	69,67	62,77	54,56	20,80	55,66	38,06	40,21	35,58	85,89	36,18	33,73	42,19	47,27	47,43	38,37	9,88	13,50	8,55	12,17	63,65	61,67	50,20	66,05	62,94	58,45	79,01	72,61	66,80	73,81	20,68	11,57	30,49	15,87	52,51	25,86	29,71	40,00	39,64	23,91	64,35	34,05	31,34	40,16	51,58	16,68	46,18	30,67	67,30	74,66	63,68	27,92	39,11	64,80	28,50	49,17	44,55	49,77	88,30	72,71	59,29	52,07	61,49	54,56	82,44	87,45	77,45	79,81	74,62	78,22	64,71	83,62	91,58	77,45	86,05	86,11	75,57	85,16	81,75	71,94	81,77	69,21	89,38	66,03	79,83	66,15	54,65	80,41	32,66	70,52	77,70	90,69	43,47	36,16	41,51	18,69	63,40	30,96	28,05	55,21	59,14	76,30	55,18	50,90	37,01	55,78	37,65	26,65	43,51	83,67	29,86	29,73	25,04	46,54	29,60	58,93	14,64	34,00	20,54	31,59	59,53	60,92	56,00	58,06	58,92	57,28	68,94	54,67	67,43	72,50	25,73	12,21	29,23	19,10	46,41	34,15	34,65	29,50	37,55	40,08	89,17	59,92	30,94	38,54	42,42	21,03	33,28	29,16	75,77	77,98	56,14	25,65	28,32	67,88	22,81	36,13	30,55	42,34	85,71	92,33	68,39	41,12	64,37	74,00	66,96	61,89	73,21	92,31	79,13	85,26	63,26	83,29	80,97	70,55	89,60	82,70	90,17	90,16	87,86	86,20	84,30	88,57	94,00	89,55	76,60	82,84	70,84	92,42	43,63	76,51	85,07	85,85	73,99	78,56	72,02	37,43	67,04	61,87	45,54	79,84	80,40	74,94	42,52	72,12	36,57	50,59	54,86	23,73	48,15	75,53	29,02	57,90	44,75	58,87	30,75	72,09	45,62	41,86	26,80	46,98	77,63	79,01	68,90	83,99	78,97	42,52	71,62	72,05	87,22	93,30	38,15	95,07	39,29	93,33	53,35	42,26	45,54	34,89	29,97	49,72	41,31	55,57	43,01	69,35	37,72	52,89	41,10	50,01	62,55	71,71	93,21	90,31	95,03	34,83	79,28	93,05	98,75	97,90	63,48	59,99	45,39	54,64	14,35	56,84	63,30	71,66	60,95	53,39	69,08	75,03	81,49	61,98	81,55	54,90	63,82	78,48
3,00	65,04	49,60	74,51	77,78	48,91	41,63	64,15	36,89	57,22	60,26	26,58	27,42	59,65	38,24	48,78	45,93	81,04	91,59	80,06	72,49	22,38	60,83	84,17	51,36	88,41	96,43	97,15	97,33	55,85	56,53	67,03	21,00	6,84	4,03	4,08	3,86	4,21	6,62	34,19	63,39	85,55	82,15	63,16	62,00	71,48	64,03	27,01	86,00	94,38	65,73	47,14	43,97	81,30	76,92	70,22	36,68	37,71	35,05	83,89	58,05	69,51	62,71	64,04	68,71	66,21	65,83	38,91	93,26	96,07	37,44	38,22	68,15	82,50	66,18	73,53	70,54	63,83	61,98	49,20	76,72	87,64	68,63	79,25	71,84	51,01	81,29	77,38	57,70	58,71	63,13	83,84	60,21	88,13	91,89	60,20	75,06	83,34	74,30	80,22	90,72	75,03	87,35	89,84	82,68	78,80	86,96	91,76	65,11	67,48	79,19	71,23	82,34	50,38	76,16	68,02	79,28	54,77	66,81	74,84	78,05	70,49	88,55	69,34	35,39	30,44	17,10	18,75	26,11	63,08	40,27	80,37	18,83	11,30	50,64	55,10	10,03	45,14	65,08	41,79	32,19	11,89	13,34	24,37	29,42	33,15	18,81	27,57	59,97	81,43	85,49	70,52	52,68	79,81	89,15	92,07	20,74	21,74	25,61	50,19	29,44	12,76	16,63	37,33	33,29	72,19	84,70	28,16	83,79	77,48	24,85	48,19	73,79	63,73	49,42	26,43	15,86	15,11	25,78	38,56	64,99	81,21	73,29	74,60	36,97	44,63	59,07	73,70	50,51	71,23	65,21	90,84	62,39	74,60	88,30	66,09	72,19	87,88	76,29	91,49	90,13	65,34	75,84	87,19	90,98	82,60	77,88	87,63	61,33	79,83	79,25	65,98	86,89	63,08	68,00	59,11	64,69	59,60	39,37	39,41	73,73	68,63	82,10	75,49	23,51	31,96	27,52	23,91	35,19	34,32	41,47	51,68	25,59	12,95	51,96	55,13	9,67	51,29	71,60	50,68	35,07	14,66	13,75	25,41	46,09	25,42	50,03	20,66	80,93	87,27	87,68	52,05	49,47	82,42	89,17	76,31	28,90	16,64	34,83	42,20	38,34	10,64	11,80	36,56	39,08	75,59	85,97	23,37	89,56	87,79	44,41	49,12	52,99	37,40	49,35	39,92	27,16	25,74	33,10	55,55	60,97	84,14	65,53	70,26	38,75	41,97	70,56	72,47	46,04	69,03	48,25	88,47	61,04	76,73	78,01	63,35	64,89	73,11	79,14	74,23	81,26	87,31	68,63	82,78	81,11	85,26	86,64	82,59	60,61	71,35	66,87	50,40	79,76	44,55	60,34	61,54	64,35	63,69	44,81	35,40	78,82	88,64	80,75	72,08	38,59	40,39	14,70	21,60	22,87	31,37	54,06	43,66	23,12	17,60	70,37	67,84	14,47	64,48	68,26	19,79	20,21	8,29	11,66	21,48	36,11	33,53	19,91	26,10	76,51	85,90	84,59	54,60	78,14	82,85	80,91	71,84	19,65	13,61	23,69	52,28	26,36	17,38	13,49	35,42	44,81	82,73	88,71	29,39	85,57	89,48	38,75	29,99	28,94	25,06	48,10	24,37	14,45	15,21	25,58	31,05	55,51	87,48	72,34	69,83	42,45	38,83	64,43	80,34	50,29	54,31	50,56	90,20	72,18	77,98	69,49	60,72	63,87	81,05	83,47	75,92	83,81	77,86	75,02	82,23	83,37	82,32	80,87	79,79	65,37	69,19	68,31	46,29	88,96	54,95	37,04	51,09	69,57	65,01	32,33	26,41	67,25	70,94	82,43	58,70	31,79	30,76	13,55	23,50	32,71	41,68	42,49	65,75	28,04	10,57	49,03	54,62	10,28	49,66	71,41	37,77	30,51	11,42	11,85	23,50	48,59	27,32	18,50	17,52	66,94	82,00	71,77	51,60	64,50	72,68	83,79	68,19	18,99	18,55	23,93	50,34	21,20	9,33	10,11	23,87	27,11	74,19	85,37	20,41	87,57	88,98	40,10	44,62	64,24	34,12	27,93	30,26	17,10	15,27	28,00	41,35	69,88	80,83	74,08	76,22	36,54	35,65	49,77	63,55	50,38	55,53	41,93	89,93	52,43	70,24	66,55	57,58	81,05	83,12	72,14	80,43	77,64	72,74	89,33	75,45	73,14	88,70	78,94	80,10	65,96	74,75	74,47	60,08	87,27	45,82	40,67	45,90	66,16	57,29	43,47	40,37	60,83	74,27	80,93	76,01	50,48	26,99	16,78	16,33	32,39	49,37	76,54	63,14	36,38	16,85	55,77	62,65	14,39	61,94	67,20	22,46	43,63	21,10	23,01	41,15	29,84	21,89	19,73	20,97	70,18	82,38	75,18	46,57	46,57	78,21	87,50	84,28	26,38	22,07	15,97	41,96	20,96	11,27	13,04	28,14	42,21	70,06	71,37	23,17	87,79	89,93	28,40	40,92	60,82	40,33	29,58	37,53	23,29	18,59	35,09	45,74	59,91	64,69	59,84	65,85	32,08	28,36	57,86	52,24	52,02	59,03	45,97	83,28	57,14	72,96	73,73	60,47	71,19	68,22	72,62	82,16	81,38	69,91	78,04	82,19	85,44	71,32	80,03	82,76	58,93	61,51	58,54	58,46	88,14	49,68	63,48	48,39	54,14	44,19	42,40	36,52	73,11	73,32	83,73	60,56	23,93	29,70	11,99	13,32	27,95	39,83	45,16	64,86	32,61	8,65	34,91	35,71	7,23	34,08	36,39	49,42	42,92	19,86	9,13	35,82	52,44	25,13	18,04	23,88	55,89	78,95	80,90	53,61	62,31	77,04	78,17	74,63	25,66	23,73	39,46	31,21	27,05	12,67	14,19	34,25	36,72	66,97	82,16	22,11	72,17	80,30	38,16	36,07	67,28	53,51	71,33	33,16	15,15	16,92	31,80	47,89	71,79	86,24	74,57	75,35	42,08	49,14	55,27	78,77	52,41	56,10	52,45	89,45	59,76	69,32	71,49	53,21	70,26	75,51	85,60	85,42	90,00	78,40	71,92	81,99	79,22	81,87	81,09	78,22	65,26	74,37	64,99	52,23	91,89	59,60	62,85	56,17	84,29	64,20	53,90	42,65	73,47	59,06	68,53	58,71	39,13	22,54	23,16	20,55	23,88	39,22	54,98	68,17	29,46	14,91	55,23	53,51	20,72	59,00	51,89	38,05	43,80	14,92	11,09	22,43	53,40	17,47	18,07	20,70	64,62	89,84	82,61	51,68	75,05	86,71	80,12	71,23	16,83	15,07	24,55	51,35	26,85	12,16	11,77	24,09	31,14	77,00	76,70	23,39	82,26	84,12	33,70	36,31	51,73	65,57	31,34	20,69	24,99	15,77	31,28	36,05	60,58	84,59	70,01	66,65	39,79	48,90	55,62	63,66	62,25	75,97	49,92	84,08	55,72	71,23	72,40	65,78	72,95	80,02	88,37	78,37	84,54	78,21	80,58	82,19	84,39	81,32	79,46	86,26	60,83	84,01	82,28	72,20	94,47	43,49	53,15	55,18	69,72	59,91	38,03	38,95	67,36	70,15	80,10	75,23	45,01	35,10	23,96	18,10	25,10	54,97	57,35	73,26	44,33	28,08	80,50	87,26	25,66	86,85	74,89	31,48	43,07	19,17	10,92	36,61	56,09	23,16	20,15	20,28	68,20	80,42	74,19	49,01	47,84	70,96	77,70	77,97	21,54	16,06	26,14	36,98	30,31	12,15	11,62	69,38	61,04	80,01	78,23	25,07	85,58	90,85	28,96	30,78	61,01	52,61	30,62	37,14	19,77	19,83	28,08	36,44	76,75	79,17	76,43	80,36	47,29	45,19	71,04	76,29	66,57	82,07	68,65	84,88	52,94	76,28	76,77	65,61	78,95	82,44	81,94	90,62	88,88	78,09	83,51	88,97	81,42	68,55	82,12	76,12	69,57	90,72	91,20	61,07	84,46	67,89	59,86	56,66	54,51	75,95	68,20	53,78	74,18	55,27	82,04	80,56	57,61	72,49	71,11	67,34	81,03	50,99	79,28	70,97	72,11	26,08	90,41	82,51	22,73	85,62	86,46	45,16	47,48	40,89	81,49	67,29	93,30	71,61	48,11	41,50	66,69	67,66	71,32	32,98	48,65	80,94	92,40	87,20	23,90	53,30	69,78	83,14	86,62	82,13	83,27	63,73	46,68	45,02	69,81	62,44	60,36	69,52	84,22	79,79	67,82	72,39	81,05	93,63	94,44	98,20	91,39	63,10	85,23	72,67	53,27	82,97	78,01	75,28	80,02	84,92	89,42	52,55	44,12	19,77	14,65	77,97	66,77	33,42	66,51	48,10	78,57	28,75	65,90	53,68	32,12
4,00	24,03	28,02	25,10	35,13	51,99	39,69	43,87	52,99	51,03	40,46	42,00	56,63	53,40	36,40	64,68	50,83	55,40	91,62	94,72	72,68	66,47	90,40	97,84	94,27	82,50	78,01	75,91	22,93	27,20	38,28	62,62	64,98	70,36	38,47	49,41	31,10	31,41	24,31	78,10	72,53	61,05	40,23	36,00	29,68	35,67	30,76	49,38	37,74	59,53	53,83	74,95	35,17	21,04	28,48	51,01	52,82	48,53	50,68	88,08	60,99	45,49	45,69	72,04	38,72	76,52	40,85	81,59	55,13	59,07	70,92	32,30	70,17	81,98	76,87	67,66	71,90	72,37	55,49	66,86	75,76	76,85	88,06	69,82	70,59	81,98	91,56	81,87	85,69	90,66	92,60	62,83	83,56	58,50	78,67	75,20	56,55	64,98	79,40	91,09	88,56	85,28	89,19	95,79	88,00	82,70	66,37	68,97	73,02	67,17	52,83	78,85	73,80	89,12	91,25	75,92	89,84	93,28	52,37	45,18	38,54	81,59	24,43	26,98	25,09	16,63	60,00	39,90	56,34	63,06	83,04	77,08	44,71	49,78	40,48	67,68	79,85	26,93	27,76	15,62	35,68	65,23	35,11	51,51	74,78	30,42	61,75	55,13	29,64	33,55	54,44	63,62	83,57	34,59	66,28	24,60	44,95	50,64	23,75	73,46	66,35	44,86	52,46	33,67	17,94	40,98	37,16	67,34	68,08	47,11	65,20	26,24	62,92	60,94	75,64	54,22	29,61	61,22	10,69	22,93	35,54	23,41	74,92	61,36	37,46	66,63	91,32	86,90	71,91	84,42	91,66	86,98	67,28	44,75	69,79	66,56	67,56	69,66	84,42	82,38	84,14	73,31	78,85	94,06	89,78	86,96	58,84	52,52	69,18	72,96	54,24	62,82	70,47	83,49	83,84	84,40	90,54	91,71	73,23	39,83	51,60	80,22	23,90	29,18	19,81	11,29	61,12	41,30	70,05	51,03	74,82	68,89	27,95	68,61	33,13	28,66	71,89	49,20	63,94	17,89	32,33	52,48	34,60	62,94	64,72	71,98	48,99	54,77	61,97	62,50	32,87	71,87	71,19	33,50	44,26	31,00	43,98	36,41	37,55	48,63	40,79	34,34	56,95	21,88	16,45	19,47	24,27	80,15	38,50	44,64	65,31	46,77	63,58	63,61	42,59	52,77	28,21	56,54	18,84	23,44	32,80	28,68	75,39	62,15	38,28	65,02	93,54	86,42	63,12	89,63	81,73	85,55	77,70	67,32	71,68	65,08	57,98	60,11	88,52	83,91	92,95	73,84	78,23	92,24	71,12	84,75	62,61	56,43	76,20	77,84	52,78	75,52	79,00	86,25	82,60	62,35	83,34	91,42	71,03	39,00	71,04	86,57	18,01	27,09	25,12	18,94	62,96	40,08	63,62	42,78	57,56	50,27	23,46	77,47	45,35	64,84	75,55	51,97	41,04	18,95	34,35	33,83	26,81	53,23	55,22	24,86	35,68	46,34	38,07	38,26	27,95	51,91	76,52	48,25	32,92	31,01	38,85	36,44	16,95	48,90	33,36	38,99	36,26	58,45	19,98	36,65	33,71	78,86	36,77	59,27	67,58	38,99	54,69	64,59	43,90	71,28	32,96	50,44	14,68	20,97	29,85	49,45	74,55	55,67	43,19	66,08	86,76	78,29	74,39	79,67	82,75	71,22	68,21	59,38	69,01	74,16	74,96	69,63	83,90	86,48	85,22	79,27	81,44	74,86	81,74	83,22	79,17	75,32	71,38	69,73	46,03	65,49	80,91	84,06	86,97	70,69	87,22	93,56	72,02	39,27	57,12	61,44	42,39	40,64	25,23	22,59	48,10	38,39	75,58	65,27	82,20	73,03	30,43	65,69	49,63	56,88	79,99	31,95	31,82	15,39	32,88	51,45	27,72	46,66	75,46	24,18	42,16	46,11	31,09	42,43	39,19	77,12	86,35	21,42	75,48	37,75	35,19	47,06	36,14	56,10	58,21	26,12	43,08	31,07	12,53	28,37	36,17	69,91	53,74	41,88	64,74	26,43	54,86	53,60	49,70	72,31	45,89	61,87	13,59	27,46	23,92	20,41	81,41	60,94	46,20	62,36	90,57	69,66	69,75	82,01	66,26	85,52	72,12	62,22	63,34	72,61	59,26	75,31	71,24	70,22	85,91	77,02	86,40	89,45	77,11	84,37	60,50	68,81	69,11	59,44	53,58	77,17	63,88	90,97	82,38	60,39	74,87	92,80	72,58	52,64	49,21	69,32	29,45	27,80	32,85	16,40	65,97	32,83	71,97	45,92	65,04	71,46	28,56	57,06	43,76	42,41	72,88	34,09	46,12	22,96	53,61	50,91	41,40	30,95	52,55	33,38	60,43	52,11	28,63	35,68	33,09	74,62	76,60	35,57	42,30	27,66	25,13	26,59	51,56	65,53	45,13	33,90	61,43	31,34	15,54	37,98	33,07	73,12	55,92	37,84	67,41	25,36	51,16	48,43	58,66	49,83	27,44	56,17	12,43	28,22	30,34	21,96	59,26	42,95	41,38	70,00	86,08	79,76	65,89	85,57	82,09	81,14	72,94	52,01	65,70	71,24	67,20	60,58	61,15	83,11	90,25	82,09	79,71	86,18	69,97	80,41	63,25	61,45	74,69	65,02	46,37	60,60	72,21	86,59	87,73	50,86	74,89	91,69	71,27	40,95	53,58	75,45	24,95	30,40	23,66	11,82	48,01	21,84	43,09	56,01	70,85	80,15	32,72	73,84	49,72	44,22	67,05	51,91	56,93	17,54	19,45	68,60	53,96	45,27	67,66	21,32	51,29	39,74	46,58	32,22	26,72	61,72	84,72	38,94	49,44	44,00	58,66	46,97	37,43	69,03	59,73	46,88	41,63	37,43	28,31	38,77	34,77	73,32	38,93	52,27	79,05	41,78	68,10	69,26	47,04	66,46	29,32	63,66	22,43	24,39	21,27	17,20	76,59	53,74	40,27	62,28	85,96	90,22	66,36	83,17	83,18	58,63	73,92	44,34	58,92	82,12	72,29	64,21	79,85	87,90	88,06	77,10	78,11	84,06	86,75	79,32	55,65	66,24	74,68	73,06	43,57	59,47	76,90	84,12	75,94	50,86	85,70	89,28	62,59	32,34	60,99	65,00	20,11	21,68	18,01	15,90	42,52	25,81	66,04	52,84	78,84	70,12	16,67	67,91	59,90	60,26	77,25	20,66	65,98	14,61	21,90	62,10	42,03	52,54	70,88	28,45	58,49	55,73	31,85	39,47	64,70	78,80	78,10	44,75	39,94	32,10	47,37	35,78	22,35	59,64	53,71	37,03	56,55	32,18	15,29	22,25	27,59	63,86	55,29	52,30	56,64	24,48	42,89	53,89	34,45	60,88	25,55	36,87	14,71	28,07	31,10	18,61	74,51	47,85	29,68	63,35	88,96	88,59	65,20	77,21	79,61	77,85	74,17	55,88	66,60	70,18	67,20	72,10	87,70	75,71	90,07	74,32	82,67	89,33	73,32	88,77	67,39	75,70	78,37	77,12	54,75	73,79	87,90	86,46	84,73	57,20	83,60	92,52	71,47	37,39	51,53	68,93	18,97	24,97	27,76	13,01	61,29	31,55	82,23	50,03	62,87	62,47	39,79	61,14	33,30	42,06	87,15	41,77	34,61	16,64	45,98	57,23	53,75	60,02	74,48	25,23	44,04	37,13	34,41	27,16	35,93	64,87	77,55	32,49	62,18	48,11	50,45	55,42	30,80	75,57	71,58	55,71	74,79	33,14	18,99	48,72	27,07	64,94	73,22	46,20	56,01	21,01	66,45	49,97	37,90	71,01	39,59	67,82	21,83	29,22	45,34	40,48	80,95	59,72	45,21	67,07	83,64	83,46	63,47	91,81	86,27	73,27	55,70	59,62	84,49	78,65	65,77	63,72	89,82	89,58	91,22	84,36	76,33	92,30	89,82	92,22	65,65	60,13	81,28	77,90	48,10	72,99	75,90	95,48	91,78	77,63	82,76	92,26	89,86	60,72	63,26	91,16	82,43	80,28	74,13	51,36	85,05	72,03	75,44	66,91	83,92	73,50	36,33	69,83	57,26	34,86	84,08	48,36	40,06	44,26	58,13	69,84	55,73	58,81	83,29	49,26	67,60	77,77	29,98	77,39	58,72	56,56	67,24	79,10	36,82	66,84	68,36	71,90	21,50	29,10	52,79	50,58	59,13	82,19	86,12	29,83	61,24	69,05	88,38	18,80	67,48	57,84	44,71	45,12	37,59	37,73	86,39	86,04	96,78	97,55	98,13	93,76	60,35	35,77	93,27	93,11	54,53	64,43	52,19	88,00	83,03	53,26	19,85	20,48	50,87	58,62	62,09	62,12	51,84	51,65	39,43	40,23	40,49
"x-axis"

