"Map measures:"	"U-50"	"dB"	" 1 kHz"
"Bkg noise:"	28,0	"dB"
"Project:"	"project"
"Creator:"	"CATT-Acoustic v9.1b (build 1.03) / TUCT v1.1b:2.02"
"Date/Time:"	"2018-05-31 18:51:41"
"Air abs.:"	"on"
"Interference:"	"off"
"Adapt rays:"	"off"
"No of rays:"	500	"Diffraction: "	"off"
"Ech. length:"	1000	"ms"

"Layer:"	1	"of"	1	"Nx:"	9	"Ny:"	1002
	-0,50	0,50	1,50	2,50	3,50	4,50	5,50	6,50	7,50	8,50	9,50	10,50	11,50	12,50	13,50	14,50	15,50	16,50	17,50	18,50	19,50	20,50	21,50	22,50	23,50	24,50	25,50	26,50	27,50	28,50	29,50	30,50	31,50	32,50	33,50	34,50	35,50	36,50	37,50	38,50	39,50	40,50	41,50	42,50	43,50	44,50	45,50	46,50	47,50	48,50	49,50	50,50	51,50	52,50	53,50	54,50	55,50	56,50	57,50	58,50	59,50	60,50	61,50	62,50	63,50	64,50	65,50	66,50	67,50	68,50	69,50	70,50	71,50	72,50	73,50	74,50	75,50	76,50	77,50	78,50	79,50	80,50	81,50	82,50	83,50	84,50	85,50	86,50	87,50	88,50	89,50	90,50	91,50	92,50	93,50	94,50	95,50	96,50	97,50	98,50	99,50	100,50	101,50	102,50	103,50	104,50	105,50	106,50	107,50	108,50	109,50	110,50	111,50	112,50	113,50	114,50	115,50	116,50	117,50	118,50	119,50	120,50	121,50	122,50	123,50	124,50	125,50	126,50	127,50	128,50	129,50	130,50	131,50	132,50	133,50	134,50	135,50	136,50	137,50	138,50	139,50	140,50	141,50	142,50	143,50	144,50	145,50	146,50	147,50	148,50	149,50	150,50	151,50	152,50	153,50	154,50	155,50	156,50	157,50	158,50	159,50	160,50	161,50	162,50	163,50	164,50	165,50	166,50	167,50	168,50	169,50	170,50	171,50	172,50	173,50	174,50	175,50	176,50	177,50	178,50	179,50	180,50	181,50	182,50	183,50	184,50	185,50	186,50	187,50	188,50	189,50	190,50	191,50	192,50	193,50	194,50	195,50	196,50	197,50	198,50	199,50	200,50	201,50	202,50	203,50	204,50	205,50	206,50	207,50	208,50	209,50	210,50	211,50	212,50	213,50	214,50	215,50	216,50	217,50	218,50	219,50	220,50	221,50	222,50	223,50	224,50	225,50	226,50	227,50	228,50	229,50	230,50	231,50	232,50	233,50	234,50	235,50	236,50	237,50	238,50	239,50	240,50	241,50	242,50	243,50	244,50	245,50	246,50	247,50	248,50	249,50	250,50	251,50	252,50	253,50	254,50	255,50	256,50	257,50	258,50	259,50	260,50	261,50	262,50	263,50	264,50	265,50	266,50	267,50	268,50	269,50	270,50	271,50	272,50	273,50	274,50	275,50	276,50	277,50	278,50	279,50	280,50	281,50	282,50	283,50	284,50	285,50	286,50	287,50	288,50	289,50	290,50	291,50	292,50	293,50	294,50	295,50	296,50	297,50	298,50	299,50	300,50	301,50	302,50	303,50	304,50	305,50	306,50	307,50	308,50	309,50	310,50	311,50	312,50	313,50	314,50	315,50	316,50	317,50	318,50	319,50	320,50	321,50	322,50	323,50	324,50	325,50	326,50	327,50	328,50	329,50	330,50	331,50	332,50	333,50	334,50	335,50	336,50	337,50	338,50	339,50	340,50	341,50	342,50	343,50	344,50	345,50	346,50	347,50	348,50	349,50	350,50	351,50	352,50	353,50	354,50	355,50	356,50	357,50	358,50	359,50	360,50	361,50	362,50	363,50	364,50	365,50	366,50	367,50	368,50	369,50	370,50	371,50	372,50	373,50	374,50	375,50	376,50	377,50	378,50	379,50	380,50	381,50	382,50	383,50	384,50	385,50	386,50	387,50	388,50	389,50	390,50	391,50	392,50	393,50	394,50	395,50	396,50	397,50	398,50	399,50	400,50	401,50	402,50	403,50	404,50	405,50	406,50	407,50	408,50	409,50	410,50	411,50	412,50	413,50	414,50	415,50	416,50	417,50	418,50	419,50	420,50	421,50	422,50	423,50	424,50	425,50	426,50	427,50	428,50	429,50	430,50	431,50	432,50	433,50	434,50	435,50	436,50	437,50	438,50	439,50	440,50	441,50	442,50	443,50	444,50	445,50	446,50	447,50	448,50	449,50	450,50	451,50	452,50	453,50	454,50	455,50	456,50	457,50	458,50	459,50	460,50	461,50	462,50	463,50	464,50	465,50	466,50	467,50	468,50	469,50	470,50	471,50	472,50	473,50	474,50	475,50	476,50	477,50	478,50	479,50	480,50	481,50	482,50	483,50	484,50	485,50	486,50	487,50	488,50	489,50	490,50	491,50	492,50	493,50	494,50	495,50	496,50	497,50	498,50	499,50	500,50	501,50	502,50	503,50	504,50	505,50	506,50	507,50	508,50	509,50	510,50	511,50	512,50	513,50	514,50	515,50	516,50	517,50	518,50	519,50	520,50	521,50	522,50	523,50	524,50	525,50	526,50	527,50	528,50	529,50	530,50	531,50	532,50	533,50	534,50	535,50	536,50	537,50	538,50	539,50	540,50	541,50	542,50	543,50	544,50	545,50	546,50	547,50	548,50	549,50	550,50	551,50	552,50	553,50	554,50	555,50	556,50	557,50	558,50	559,50	560,50	561,50	562,50	563,50	564,50	565,50	566,50	567,50	568,50	569,50	570,50	571,50	572,50	573,50	574,50	575,50	576,50	577,50	578,50	579,50	580,50	581,50	582,50	583,50	584,50	585,50	586,50	587,50	588,50	589,50	590,50	591,50	592,50	593,50	594,50	595,50	596,50	597,50	598,50	599,50	600,50	601,50	602,50	603,50	604,50	605,50	606,50	607,50	608,50	609,50	610,50	611,50	612,50	613,50	614,50	615,50	616,50	617,50	618,50	619,50	620,50	621,50	622,50	623,50	624,50	625,50	626,50	627,50	628,50	629,50	630,50	631,50	632,50	633,50	634,50	635,50	636,50	637,50	638,50	639,50	640,50	641,50	642,50	643,50	644,50	645,50	646,50	647,50	648,50	649,50	650,50	651,50	652,50	653,50	654,50	655,50	656,50	657,50	658,50	659,50	660,50	661,50	662,50	663,50	664,50	665,50	666,50	667,50	668,50	669,50	670,50	671,50	672,50	673,50	674,50	675,50	676,50	677,50	678,50	679,50	680,50	681,50	682,50	683,50	684,50	685,50	686,50	687,50	688,50	689,50	690,50	691,50	692,50	693,50	694,50	695,50	696,50	697,50	698,50	699,50	700,50	701,50	702,50	703,50	704,50	705,50	706,50	707,50	708,50	709,50	710,50	711,50	712,50	713,50	714,50	715,50	716,50	717,50	718,50	719,50	720,50	721,50	722,50	723,50	724,50	725,50	726,50	727,50	728,50	729,50	730,50	731,50	732,50	733,50	734,50	735,50	736,50	737,50	738,50	739,50	740,50	741,50	742,50	743,50	744,50	745,50	746,50	747,50	748,50	749,50	750,50	751,50	752,50	753,50	754,50	755,50	756,50	757,50	758,50	759,50	760,50	761,50	762,50	763,50	764,50	765,50	766,50	767,50	768,50	769,50	770,50	771,50	772,50	773,50	774,50	775,50	776,50	777,50	778,50	779,50	780,50	781,50	782,50	783,50	784,50	785,50	786,50	787,50	788,50	789,50	790,50	791,50	792,50	793,50	794,50	795,50	796,50	797,50	798,50	799,50	800,50	801,50	802,50	803,50	804,50	805,50	806,50	807,50	808,50	809,50	810,50	811,50	812,50	813,50	814,50	815,50	816,50	817,50	818,50	819,50	820,50	821,50	822,50	823,50	824,50	825,50	826,50	827,50	828,50	829,50	830,50	831,50	832,50	833,50	834,50	835,50	836,50	837,50	838,50	839,50	840,50	841,50	842,50	843,50	844,50	845,50	846,50	847,50	848,50	849,50	850,50	851,50	852,50	853,50	854,50	855,50	856,50	857,50	858,50	859,50	860,50	861,50	862,50	863,50	864,50	865,50	866,50	867,50	868,50	869,50	870,50	871,50	872,50	873,50	874,50	875,50	876,50	877,50	878,50	879,50	880,50	881,50	882,50	883,50	884,50	885,50	886,50	887,50	888,50	889,50	890,50	891,50	892,50	893,50	894,50	895,50	896,50	897,50	898,50	899,50	900,50	901,50	902,50	903,50	904,50	905,50	906,50	907,50	908,50	909,50	910,50	911,50	912,50	913,50	914,50	915,50	916,50	917,50	918,50	919,50	920,50	921,50	922,50	923,50	924,50	925,50	926,50	927,50	928,50	929,50	930,50	931,50	932,50	933,50	934,50	935,50	936,50	937,50	938,50	939,50	940,50	941,50	942,50	943,50	944,50	945,50	946,50	947,50	948,50	949,50	950,50	951,50	952,50	953,50	954,50	955,50	956,50	957,50	958,50	959,50	960,50	961,50	962,50	963,50	964,50	965,50	966,50	967,50	968,50	969,50	970,50	971,50	972,50	973,50	974,50	975,50	976,50	977,50	978,50	979,50	980,50	981,50	982,50	983,50	984,50	985,50	986,50	987,50	988,50	989,50	990,50	991,50	992,50	993,50	994,50	995,50	996,50	997,50	998,50	999,50	1000,50	"y-axis"
-4,00	0,70	0,50	1,39	1,78	1,84	-3,79	2,57	2,29	2,39	2,68	-4,41	-0,83	5,43	4,17	1,12	-3,11	1,19	3,16	2,23	2,81	1,24	2,74	4,67	10,86	10,74	10,74	-0,12	2,34	2,71	1,73	1,85	3,34	1,03	4,16	4,88	5,23	1,74	5,85	6,25	4,69	0,89	2,31	1,35	1,20	2,03	-1,24	1,54	2,50	3,67	-2,07	4,68	0,79	0,25	0,53	-0,47	3,85	3,23	-7,88	5,98	-6,83	-1,18	6,68	6,27	4,99	5,96	5,02	10,36	6,48	3,37	-7,23	1,97	5,47	4,56	2,54	4,64	10,21	9,42	-0,96	6,22	1,18	6,58	8,72	1,38	-1,27	4,39	7,28	7,70	4,43	8,24	5,19	5,77	6,72	3,45	5,84	0,41	-3,60	-3,54	-1,01	-0,45	-0,79	-3,17	-0,20	-0,66	3,33	-0,17	-0,17	-0,57	5,42	4,00	3,51	4,40	1,98	5,61	6,32	4,69	8,61	8,47	4,33	0,82	3,47	7,87	-6,82	-8,48	-8,65	-7,94	6,89	3,47	4,49	3,79	4,78	5,03	2,23	4,44	2,66	0,36	0,88	-0,38	7,87	-2,59	1,74	0,45	-1,62	1,47	5,12	0,11	4,03	3,40	2,43	3,98	8,41	-1,09	7,48	7,46	6,66	5,14	7,03	5,01	0,26	-1,96	3,26	-0,71	-3,67	-0,18	-0,97	4,09	6,84	5,63	1,13	1,97	-0,76	1,44	1,63	1,30	-0,74	4,11	2,34	5,14	-8,47	-7,60	-8,73	-8,22	3,54	-0,91	-3,31	1,63	3,52	7,61	1,59	3,58	1,83	-0,94	4,27	0,13	1,88	6,36	2,96	4,67	2,93	-2,63	-0,41	-4,45	-1,09	-0,32	-0,30	1,59	-0,83	-1,64	2,10	0,95	-1,61	-3,10	-0,01	5,64	-2,56	-4,20	-3,76	0,37	-1,75	-1,90	-4,84	-2,53	-9,24	-6,97	-8,06	-9,15	1,82	0,77	4,59	2,77	-4,21	2,45	1,07	5,66	-8,11	-5,28	6,46	-4,13	-0,23	-3,14	0,98	-0,98	-1,02	1,74	-5,03	-6,29	1,33	1,24	1,36	5,61	1,24	5,02	3,17	3,13	3,45	-0,09	4,70	4,72	4,01	4,17	0,67	-3,03	-1,77	0,49	-0,02	2,60	2,79	6,55	1,88	-3,51	-0,13	0,40	-0,39	-0,06	-3,17	5,36	3,28	6,30	-8,63	-7,08	-8,08	-7,75	7,31	2,66	-0,61	1,02	4,62	-4,26	-6,38	-3,76	8,46	3,60	-3,09	-4,54	-4,55	-1,67	-4,08	-3,72	-2,87	-3,42	-3,78	-4,54	-2,90	-2,49	-2,32	0,24	-1,44	-2,17	0,14	5,44	-1,27	-2,14	3,94	5,06	-2,21	-4,44	-2,71	5,35	2,84	-0,87	-3,91	4,11	-6,82	-6,66	-7,17	-8,24	-0,50	3,17	-0,24	0,24	2,86	3,34	-1,03	-1,86	3,24	-2,33	1,46	4,73	3,49	-3,94	0,98	1,30	-0,72	1,72	7,74	-0,16	0,94	5,99	9,42	3,78	5,10	5,79	5,86	6,18	5,78	4,34	0,39	-0,02	-1,94	3,73	1,08	-6,33	-1,10	-0,14	-4,07	-5,89	1,22	5,35	1,32	0,55	-0,18	1,29	1,60	-0,29	1,25	2,65	1,50	1,34	-9,06	-7,48	-7,32	-8,47	3,10	2,75	-1,22	2,39	1,04	-0,42	-8,58	-4,76	4,53	0,86	-2,45	-2,71	3,05	2,38	-1,04	0,67	3,44	2,41	-0,90	-2,59	-5,08	-1,38	-0,41	2,49	-0,64	1,18	1,20	2,50	-3,46	-3,81	0,94	5,77	-1,78	-4,05	-3,63	3,94	-0,86	-3,97	0,17	5,05	-6,79	-7,89	-6,87	-8,05	2,41	2,43	2,48	-6,20	2,56	3,69	1,64	-1,84	-2,98	0,95	4,12	-2,81	-1,91	-4,33	-0,02	0,02	-2,34	-0,82	4,30	2,42	4,74	5,94	2,75	0,72	3,95	2,72	8,74	3,82	1,26	0,26	-4,78	-0,99	-1,20	3,68	-0,69	-2,90	-0,29	0,32	-4,32	4,83	6,40	6,55	0,11	-0,43	4,68	0,18	2,29	2,16	-0,39	1,95	-2,40	1,56	-9,19	-9,68	-8,98	-7,29	2,84	-1,26	-2,07	2,21	5,83	6,83	-2,88	6,92	5,97	0,13	0,59	4,70	5,34	-4,14	-3,92	-4,19	-2,10	-0,21	-2,83	-1,81	-3,81	-0,74	-0,75	-2,16	-1,92	0,85	-1,91	-2,04	-3,93	-3,80	3,71	6,92	-3,09	-3,97	-0,43	5,42	4,70	0,29	-0,49	6,05	-7,00	-8,12	-6,86	-8,07	4,02	1,73	3,05	2,48	2,30	1,94	1,65	4,28	1,67	1,43	-1,66	6,87	2,70	-4,81	0,53	-0,54	0,01	0,40	0,35	0,44	2,47	4,78	1,99	0,32	1,49	2,81	-2,27	2,31	-3,70	1,55	2,61	5,27	-0,89	-1,00	-1,33	-3,19	0,33	-0,22	-1,96	3,98	5,11	0,44	0,96	0,82	4,09	0,71	0,64	-1,20	-3,41	1,46	2,70	6,75	-9,17	-6,75	-8,40	-7,49	4,61	0,33	0,38	1,29	5,09	4,00	-4,77	-1,56	5,74	1,53	-3,54	-1,56	-1,78	-1,34	-0,92	-1,74	1,17	1,95	-0,05	-3,14	-2,24	-3,05	3,29	2,59	0,70	2,09	3,76	-2,14	2,76	1,59	2,01	4,90	4,90	2,91	5,41	6,92	1,47	0,15	-1,31	4,93	-8,07	-8,26	-8,08	-8,46	6,17	3,41	5,29	3,47	2,52	-3,75	1,51	3,32	1,81	2,16	5,76	4,92	4,62	-3,39	0,36	-0,44	-2,19	0,33	4,36	2,96	4,17	4,42	2,26	1,69	2,58	4,71	3,58	4,56	0,60	1,40	3,05	3,40	-1,12	1,47	-0,20	-4,82	1,17	0,54	-5,44	3,60	6,26	4,43	-0,36	-1,14	1,60	0,93	2,97	-1,87	2,66	1,67	1,54	1,46	-9,09	-8,28	-9,09	-7,50	4,05	-1,39	-4,65	1,76	8,90	0,70	-1,46	-2,07	5,33	-0,80	-2,13	-2,52	-1,85	0,32	-2,65	-1,57	-0,99	-1,49	4,81	-1,21	-0,27	-4,28	-1,48	-2,39	-3,00	-2,10	0,49	0,28	3,16	5,11	3,72	1,55	4,52	3,40	4,43	5,07	2,61	-0,40	-0,00	3,07	-6,82	-7,23	-6,74	-8,76	1,87	1,77	4,45	3,13	3,00	3,17	-4,36	3,57	0,42	1,01	1,45	5,85	3,06	-3,82	1,08	0,99	-1,83	0,81	2,20	2,66	2,88	-0,34	0,27	3,18	4,40	4,06	3,15	6,90	5,00	2,87	1,30	2,04	2,59	0,68	-0,55	-3,20	-6,03	0,46	-5,06	3,32	4,94	3,02	0,19	1,70	0,44	0,15	4,52	1,89	2,44	4,53	2,47	2,26	-8,79	-6,50	-7,48	-7,20	6,08	-0,98	-0,70	4,46	3,30	0,09	3,96	4,86	4,25	2,64	4,54	1,95	2,99	4,58	8,29	-0,82	1,39	0,72	3,87	5,35	-1,43	-3,14	-1,34	-1,19	-1,52	-1,82	0,26	2,78	3,08	5,13	1,87	3,65	6,25	7,02	10,04	5,72	1,37	-3,36	-0,38	5,15	-6,99	-7,84	-7,22	-4,94	2,93	3,55	5,84	5,20	2,82	1,98	0,97	2,67	0,54	2,04	5,18	5,39	7,26	-3,48	-0,87	-0,54	-2,39	-0,33	1,75	-1,56	5,56	2,89	-4,17	3,48	6,35	-2,63	4,34	1,59	1,85	2,70	3,07	5,47	4,09	8,64	0,53	-0,07	0,51	1,48	-0,32	4,62	5,14	7,72	-4,14	-1,59	2,59	-0,77	0,00	1,68	0,33	2,43	0,50	4,16	-1,59	-1,62	-0,53	4,27	-3,41	4,83	5,21	8,14	7,88	-0,85	-4,83	-1,95	5,25	3,22	-2,35	-2,38	8,08	4,52	0,79	2,89	5,35	0,75	-1,56	-1,99	-2,85	-2,25	-2,46	1,13	-3,29	-3,01	0,09	5,41	2,87	5,35	3,48	4,15	0,78	7,80	4,83	10,19	9,92	4,08	7,58	6,81	3,50	8,56	6,62	6,81	3,41	3,03	4,89	6,76	6,20	9,07	2,85	5,39	6,69	6,27	10,91	6,90	9,89	4,64	2,07	-2,41	-2,41	1,42	5,12	2,81	5,50	3,53	0,77	0,74	1,22	-4,27	1,75	5,16	5,48	13,05	5,38	3,58	-3,40	1,09	2,00	3,81	0,78	1,57	12,07	7,17	1,81	14,04	16,45	2,85	4,51	2,13	1,17	1,45	2,23	3,15	2,11	7,76	19,28	19,94	18,37	18,86	3,29	-3,70	2,74	1,05	2,48	-12,02	-12,10	-12,19	2,83	-4,40	-12,85	-12,49	0,69	1,47	1,56	-3,31	1,96	2,07	8,28	4,36	2,90
-3,00	1,06	0,10	-6,03	-6,25	-6,82	2,50	1,61	-6,05	-6,02	1,07	-0,34	-0,41	-5,92	-5,87	3,09	2,85	3,24	2,28	0,27	0,96	3,48	3,32	11,46	5,64	-1,98	-1,21	4,42	2,17	3,59	3,63	3,20	1,06	-0,17	2,06	2,43	5,14	5,09	4,60	3,54	3,45	-0,11	3,34	4,33	-1,06	-3,60	0,83	-3,40	-0,71	0,04	2,92	2,94	1,83	11,34	6,10	2,34	3,40	-6,26	1,46	0,45	0,05	-7,62	-2,90	4,54	5,47	8,99	7,31	5,18	10,03	9,09	3,36	4,40	8,77	4,79	-4,10	4,60	5,80	4,03	0,06	4,02	0,68	1,62	0,38	-0,98	-1,93	7,06	5,12	-0,02	-3,42	-3,19	-0,49	6,54	1,96	4,57	5,59	1,16	1,23	-1,79	-2,00	0,88	6,36	3,83	4,69	3,65	0,62	0,25	1,97	5,15	4,94	5,72	5,21	3,23	5,16	-2,71	-2,14	0,65	2,46	1,23	3,60	2,44	3,76	0,56	3,75	2,02	3,46	-0,88	-7,80	-7,28	-9,38	-1,68	4,66	0,15	3,56	0,61	1,15	4,65	-4,56	6,01	-5,90	2,67	2,45	-0,17	-4,89	4,75	1,27	-0,40	-2,42	-0,76	8,78	8,06	11,30	1,85	6,92	10,99	10,71	8,00	-0,03	-2,77	0,69	6,70	3,49	-2,42	2,49	3,44	-8,11	-3,75	-3,63	-8,08	2,40	2,56	-3,86	4,18	-1,86	-5,16	-4,56	-8,97	-8,57	-8,15	-1,56	4,86	6,25	0,68	-1,24	0,32	0,13	5,30	2,32	4,05	-2,22	-2,76	-4,55	7,71	2,94	3,50	6,73	-0,67	-0,37	0,74	-0,94	-0,91	2,82	-0,57	-0,58	0,68	1,10	2,18	1,85	2,32	0,00	1,18	2,01	0,55	3,81	-1,89	-1,73	1,65	-0,62	6,39	0,59	-0,64	-2,89	-1,04	-4,46	6,42	-0,72	0,04	-8,66	-8,66	-8,96	-3,96	-1,02	2,52	3,81	-8,72	-0,88	-1,27	-7,70	-3,89	-3,93	-7,98	-0,34	-6,53	-5,81	6,63	-9,54	3,69	4,95	3,57	2,51	8,95	8,96	3,42	3,92	-0,11	2,75	-0,71	2,98	6,26	1,89	-1,28	1,57	-5,15	-5,28	-2,92	-7,90	-7,45	-6,95	-11,26	-4,21	-4,37	-8,11	2,98	4,35	-1,86	-4,67	-9,06	-8,73	-8,24	-2,17	4,59	5,36	0,52	-0,87	-1,00	1,25	4,77	1,33	-3,91	-2,13	-3,01	-3,43	1,57	7,75	2,23	-3,80	1,50	0,50	0,43	0,07	-2,56	-1,39	3,34	-0,79	-0,33	0,21	0,64	0,75	2,27	1,38	-0,12	1,68	3,68	7,16	-0,55	0,01	-2,99	3,77	3,58	4,26	5,81	-0,57	-2,30	1,46	0,51	-1,66	0,83	-7,77	-8,48	-8,79	2,04	2,13	2,41	0,46	-0,58	-5,61	-5,16	-7,62	-3,77	-3,65	-8,00	1,04	-5,39	-5,72	1,74	2,91	0,39	-2,66	-0,33	-6,56	5,48	6,26	3,00	6,16	9,90	7,96	2,79	-1,10	-3,51	-1,36	3,91	4,78	-7,64	-8,35	5,71	-8,29	-7,38	-7,18	-11,40	-4,15	-4,37	-8,58	0,48	3,35	3,24	0,95	-8,89	-8,63	-8,25	-2,08	-1,44	1,67	0,63	-1,34	0,03	-0,01	4,49	2,14	1,20	-6,78	3,95	1,15	7,35	-2,52	1,79	1,82	3,33	1,44	1,12	-0,46	2,42	2,20	-0,90	0,97	1,56	-0,44	-2,63	-0,84	-1,12	2,48	3,03	-4,35	3,14	6,89	2,72	1,90	5,51	5,72	-1,49	-2,95	-3,32	-0,49	-0,95	0,72	6,20	-0,33	-1,61	-8,43	-8,92	-10,89	3,14	-1,73	-0,57	3,50	1,02	-1,15	-1,37	-8,34	-7,87	-7,26	-7,78	-0,37	-8,19	-5,65	3,51	-0,03	-1,29	-2,76	-0,63	4,70	1,97	4,74	0,47	1,79	3,98	-1,09	3,96	5,25	-3,71	-1,34	-0,68	-2,25	-5,89	-8,38	-12,52	0,71	-5,25	-8,04	-12,05	-5,25	-5,35	-11,48	-8,13	-0,64	0,76	3,13	-9,11	-9,00	-8,29	-1,89	-2,19	-2,98	2,83	-0,63	4,79	2,74	2,93	0,92	-3,14	-3,79	-5,24	-3,72	1,15	1,73	3,72	4,80	1,39	-2,63	0,02	-1,21	-1,16	1,49	1,63	-0,51	2,66	3,66	1,24	2,84	2,76	2,31	-0,87	5,16	2,45	3,18	-1,89	-0,03	-3,31	0,81	5,58	2,43	-1,82	-0,25	-6,58	1,04	4,76	3,86	1,08	-7,85	-2,56	-6,38	-4,71	-1,39	-0,58	3,13	2,72	4,58	0,74	-3,82	2,91	4,53	-0,02	-0,30	-5,20	-5,24	1,38	-0,72	-1,04	-1,13	1,51	-0,55	4,79	7,24	-3,85	1,24	7,54	7,66	-0,78	-1,44	-1,02	5,28	-5,47	0,31	-0,35	-2,80	0,55	-8,16	-3,99	-3,40	-8,19	1,36	-0,59	-7,93	-1,06	1,23	1,15	-4,34	-8,90	-8,36	-8,07	1,84	3,83	6,00	1,23	-0,78	-0,90	-0,73	3,38	3,61	4,62	5,29	2,34	-1,55	3,63	2,40	0,81	5,56	0,38	-2,33	0,77	1,75	0,38	-0,95	1,11	2,24	-5,13	-8,98	-9,02	-1,55	1,86	1,16	-0,95	5,30	1,24	3,28	2,25	-1,20	1,68	4,18	6,76	7,91	-0,66	-1,86	0,74	0,31	1,70	-0,13	1,28	-6,79	-8,55	-8,80	-4,04	-4,09	-2,09	3,31	1,03	-0,31	-0,39	-7,42	-4,09	-4,15	-7,78	-5,41	-7,09	-4,35	2,99	0,74	0,21	-0,58	-0,25	6,61	5,93	5,54	1,40	3,20	4,66	3,81	4,05	-1,02	-1,34	3,23	-0,71	2,73	-7,12	-6,79	-1,17	0,89	1,46	-9,07	-9,45	-2,50	-2,60	-8,43	-6,12	1,45	-2,03	2,60	-8,98	-8,61	-8,17	-3,47	-6,95	-2,38	-1,09	-4,07	5,17	4,22	-1,11	1,96	-0,15	-1,64	-1,55	-1,26	7,33	4,89	4,91	2,05	0,31	0,02	0,62	-0,11	-0,82	6,84	6,16	3,20	0,27	0,89	-2,80	-0,44	0,59	4,83	5,53	4,92	-1,31	2,96	-3,14	-2,21	-2,25	-0,13	7,31	2,85	3,89	2,53	1,62	3,44	-0,21	0,08	3,56	-8,41	-8,56	-8,86	-4,59	-5,47	1,13	-2,37	1,22	4,43	3,72	-0,95	6,88	-1,64	0,10	-0,40	-6,01	-5,32	6,95	1,93	0,57	-0,85	-1,63	-0,31	10,21	-0,99	1,93	3,57	9,92	6,88	0,73	3,63	-0,22	-0,58	0,85	1,22	-3,41	-4,38	-0,26	-9,57	-0,18	-3,47	-11,05	-0,42	-1,74	0,80	2,92	2,36	-0,59	-4,50	-8,85	-8,55	-7,95	0,74	-0,95	-0,04	1,80	-1,29	-0,86	-1,53	4,06	5,77	2,94	-0,88	1,97	2,89	7,05	-0,84	2,05	0,91	2,09	4,75	-1,17	-2,88	-2,45	3,08	10,21	-0,75	2,72	1,79	4,04	-1,33	1,88	3,65	4,09	3,51	3,12	3,62	-0,12	-1,46	-1,98	-1,19	0,51	2,19	3,95	4,14	2,85	2,38	0,99	0,41	-1,46	-8,01	-7,04	-7,40	3,47	2,41	3,63	2,44	-2,22	-1,31	-1,35	-7,56	-4,01	-4,06	-8,19	-1,10	-5,74	-4,61	6,84	0,02	0,64	-2,68	-0,01	9,06	10,91	1,69	3,29	5,38	11,48	7,54	5,35	6,47	4,07	3,21	4,82	3,38	-2,25	-2,75	-0,05	-1,32	-5,46	-7,94	-11,89	-4,92	-4,63	-11,17	-6,78	-3,12	-4,19	-3,08	3,81	-0,19	6,56	-1,46	-1,35	1,24	8,51	7,82	6,64	4,89	3,64	5,08	1,33	5,25	5,36	3,60	7,09	3,83	2,59	4,08	2,24	1,81	4,42	4,10	-1,49	0,36	-0,48	4,17	1,34	3,04	-2,05	-0,77	1,39	2,15	2,70	4,86	3,31	0,81	-0,16	-2,95	-1,47	2,20	10,20	7,31	-3,56	-0,55	-0,51	1,44	7,98	4,09	5,72	2,64	3,87	5,98	4,37	-0,93	2,30	5,52	6,59	-0,25	-0,08	-7,22	-3,55	-7,55	-7,62	6,00	-0,04	0,12	4,62	0,76	3,06	3,42	1,83	6,87	5,94	7,82	1,88	3,69	5,72	5,92	5,43	-3,81	0,10	6,34	0,91	-2,03	4,85	7,13	-3,53	3,58	-13,19	-14,03	-1,44	-14,20	-16,65	-16,76	-13,99	0,00	3,72	0,57	18,27	20,21	16,73	-1,05	-2,04	11,34	2,59	-2,63	-3,91	-5,30	2,02	2,41	17,47	0,10	-13,72	-5,71	2,31	1,47	1,38	0,34	1,85	2,10	1,25	2,17	-6,25	-8,10	-4,40	2,14
-2,00	-5,47	-5,52	0,36	2,54	2,70	1,16	0,39	0,13	-0,07	-6,25	-5,79	2,83	1,81	2,69	-5,24	-5,41	-5,00	16,15	15,88	11,41	11,80	0,82	0,22	14,72	13,99	15,82	3,57	6,69	4,44	6,97	3,67	-0,03	-1,14	1,52	-5,48	-5,21	8,97	2,49	0,48	4,74	3,01	4,80	-1,12	5,00	2,64	-0,52	0,19	5,27	1,88	2,47	2,56	0,63	4,04	1,59	6,25	-2,13	0,80	-0,51	-6,21	6,33	4,33	2,84	-0,87	5,11	5,14	6,10	2,53	1,62	8,68	3,95	11,05	7,39	8,33	2,39	-4,17	-2,98	-0,03	-3,73	-2,68	7,73	1,08	8,27	9,97	5,61	12,64	1,77	3,92	6,04	7,46	5,82	1,54	-0,06	5,96	2,95	8,17	6,56	5,09	6,20	6,04	4,11	-3,22	3,28	5,52	-1,86	3,49	-0,02	-5,61	5,94	5,22	3,33	-3,27	6,17	3,33	7,68	6,31	8,02	4,54	2,84	0,03	7,23	4,96	0,50	5,99	4,15	6,22	5,84	9,52	3,09	0,23	3,61	2,52	2,56	1,41	2,85	-5,28	-1,53	-9,96	0,89	-0,45	-1,65	-2,67	-0,08	-3,11	-3,96	-3,34	2,90	3,59	4,91	3,07	-0,48	2,16	-1,46	12,47	6,32	5,01	5,53	-2,17	-2,42	-0,48	1,10	-2,38	0,53	0,84	2,22	0,11	-10,22	-0,61	9,14	1,13	-2,24	-0,73	-0,50	4,15	-2,94	-1,52	-0,98	-3,95	-6,20	-6,20	4,81	0,83	6,50	6,48	-0,90	3,30	8,13	5,14	2,66	4,72	-0,93	-1,40	-2,02	-0,67	-0,08	2,43	6,09	0,90	0,37	-0,64	1,98	-4,91	-1,29	-5,50	0,49	3,44	0,90	2,37	4,60	5,43	3,44	3,48	0,58	1,23	5,98	-0,06	2,55	2,59	1,23	-2,30	-5,99	-0,02	-0,74	3,23	-6,14	-6,36	-4,06	-3,47	-3,11	1,28	-1,68	-5,01	3,24	1,07	1,01	-1,60	-2,01	-9,87	-0,16	-0,23	-1,56	-0,26	-0,45	-1,35	0,47	-2,40	-2,18	7,27	8,35	1,21	0,58	-0,86	-5,56	-0,17	1,97	-0,31	2,74	-8,81	-9,53	-8,94	-6,92	-10,19	-1,69	-2,34	-0,40	0,04	-10,07	0,64	5,04	4,47	0,49	9,93	2,81	-0,28	2,16	-2,37	-1,67	-0,46	-4,10	-3,14	2,55	0,05	-2,04	2,93	0,18	5,03	0,97	1,96	-0,19	5,07	5,63	5,36	0,54	1,45	0,07	6,01	2,83	-1,02	3,27	5,52	-1,46	-2,44	3,59	3,78	1,58	3,00	1,62	3,10	6,44	6,98	1,99	-1,12	1,96	2,96	9,54	2,66	2,36	2,91	5,51	-1,06	0,82	2,28	3,24	6,02	3,44	0,97	5,83	6,56	6,63	3,80	1,10	0,46	0,42	1,43	1,72	1,40	-1,03	-9,54	1,37	-0,42	-1,52	-9,33	-1,64	-1,91	5,83	2,36	3,28	-1,35	-10,47	3,20	-1,16	6,07	1,38	1,42	3,10	7,10	7,61	-8,77	-10,41	-9,88	-8,89	-10,63	3,75	0,26	-0,39	-0,84	-1,15	-0,01	0,94	7,23	-0,09	-0,53	4,04	1,25	1,99	-0,91	2,22	4,80	3,27	0,90	4,74	0,50	0,41	-0,26	-3,08	1,80	2,90	-4,53	3,42	2,94	-1,74	0,17	-4,56	-4,61	-1,34	3,04	4,40	1,39	4,90	2,71	2,72	1,43	-3,09	1,08	1,73	7,03	2,10	5,87	2,96	7,48	3,14	2,85	4,24	2,89	3,49	2,44	5,84	0,06	2,13	0,08	4,05	6,19	-1,35	4,19	5,10	3,08	2,80	2,15	0,36	-2,18	2,25	3,54	7,14	5,14	-4,05	2,46	-1,36	-9,40	0,98	1,52	-2,28	0,46	0,03	-1,13	4,68	0,19	-1,83	-0,22	-0,40	3,03	2,82	-1,06	4,51	4,72	2,92	-1,25	1,45	-7,47	-11,73	-11,32	-11,93	-13,04	-10,84	-2,28	1,41	0,75	-10,65	-2,89	-2,00	-5,25	-6,33	-1,03	2,88	2,80	-0,83	0,23	1,77	-2,38	-4,58	-4,12	5,21	3,47	0,46	0,39	-1,33	2,79	4,46	3,53	0,47	4,05	0,52	1,73	-0,73	3,53	7,13	1,93	0,61	0,08	4,62	-0,20	4,54	0,25	0,08	0,06	0,93	1,17	1,33	2,87	5,00	6,66	2,58	1,64	4,79	4,80	8,29	-1,84	5,73	6,04	2,26	0,05	4,90	-3,13	1,37	9,05	1,76	-3,04	-0,71	-1,94	-1,78	4,25	2,01	3,47	1,99	2,22	1,16	-3,58	1,86	-9,40	0,11	1,62	-0,71	-3,72	-3,80	-4,32	2,84	-0,19	1,66	2,95	0,62	-0,79	4,46	-2,81	2,50	1,77	3,78	8,94	4,32	-0,80	-3,57	-0,86	2,14	-1,26	-8,08	-2,57	-0,51	0,13	-10,78	-3,74	-2,41	1,65	1,42	2,37	2,51	-3,53	2,61	-0,98	-0,54	-4,03	-6,76	-6,39	4,98	-0,28	3,07	3,92	5,62	8,39	2,65	2,02	1,06	0,80	2,12	4,05	6,04	4,25	6,91	3,06	0,34	-5,11	2,54	0,16	3,23	-0,83	0,60	4,71	1,42	-0,98	-1,72	3,69	-6,04	-4,71	2,88	1,78	4,67	4,57	3,35	3,10	1,31	3,08	7,71	6,07	5,40	-1,93	1,02	5,17	-6,09	-5,22	-4,05	0,65	0,47	-4,00	0,78	4,39	2,91	1,90	2,33	2,79	0,36	-9,49	-0,98	0,02	-2,40	-4,27	-2,41	-1,12	1,00	-1,65	1,04	4,64	3,43	-1,77	-1,99	1,61	4,18	1,83	3,50	10,63	2,53	-3,31	-4,38	-6,69	-8,81	-10,02	-9,71	-2,41	-0,44	0,01	-9,46	-1,06	-1,58	-0,96	0,91	4,02	1,44	2,78	-3,50	-1,12	-2,06	-4,48	-4,22	-4,19	4,67	0,22	0,16	0,28	-3,09	0,29	2,56	1,15	2,04	8,94	2,74	1,83	-3,30	3,19	6,81	5,17	5,18	3,71	4,01	3,31	4,03	0,81	4,06	3,51	4,88	5,04	1,97	-4,26	5,01	4,07	1,76	-1,77	2,12	2,85	5,25	1,80	7,98	1,80	8,78	0,28	-5,23	0,42	-5,50	5,15	4,32	3,50	5,41	4,17	0,60	4,04	-4,18	3,92	2,03	2,12	3,32	2,68	9,22	-2,42	-2,70	1,44	-2,43	-0,78	-0,95	-1,16	-1,08	-4,01	-0,17	4,98	2,91	3,77	0,73	-1,21	1,89	0,98	6,79	4,72	5,43	-7,52	-8,62	-8,68	-8,02	-10,18	-1,68	-5,81	-0,55	-1,31	-10,23	-0,65	1,26	1,54	2,56	2,74	3,85	2,64	3,56	-0,90	-1,03	-0,39	-4,15	-3,88	0,62	-1,16	-0,56	-0,78	-2,58	2,28	4,54	5,56	-0,56	2,66	-2,28	-0,60	-1,61	0,91	8,91	5,90	3,24	1,20	7,01	3,56	-6,11	3,83	3,16	4,37	1,26	5,33	0,90	0,94	0,81	4,75	0,54	1,60	3,03	2,25	8,72	6,17	5,92	6,24	2,50	-1,43	-2,47	0,41	0,10	5,17	4,79	2,29	6,11	0,93	1,57	3,80	3,68	3,72	0,98	2,08	-2,88	1,44	0,28	-0,19	3,34	-1,13	-1,70	-1,39	-0,55	-1,90	5,75	-2,65	1,43	4,62	4,58	6,39	0,50	1,80	1,70	0,66	4,38	8,62	7,59	-7,90	-11,65	-11,21	-10,92	-12,76	-10,40	0,79	-1,53	-0,68	-10,47	-2,99	-3,45	-4,32	-3,83	0,52	3,93	2,44	2,55	6,01	8,27	4,83	3,98	5,82	5,14	-4,94	4,03	-1,60	-0,98	1,74	7,11	4,29	3,18	4,81	0,99	8,66	0,67	1,11	5,25	6,68	6,61	4,42	6,37	-1,70	1,60	4,46	6,07	7,15	7,45	7,37	0,33	3,50	7,49	4,66	7,30	8,93	9,84	8,38	8,48	10,86	8,02	4,06	10,46	-1,47	2,81	5,39	1,42	4,24	-2,18	-3,60	6,95	5,12	5,35	8,79	0,38	8,48	3,43	4,65	4,82	8,95	4,01	2,64	-0,63	3,64	-1,29	3,75	2,16	-1,03	-2,03	-5,70	-0,54	5,36	6,05	-0,14	10,11	14,31	3,52	3,08	1,57	9,97	7,22	-12,31	-15,21	-15,31	-8,66	-15,63	-12,84	-1,04	-4,30	-2,22	16,76	2,79	2,01	-0,66	-0,46	2,67	-2,61	-2,97	1,62	1,75	0,83	15,67	16,27	15,58	2,43	2,17	4,96	8,42	10,85	3,27	-5,22	8,66	8,33	0,17	0,75	2,66	1,70	2,81	2,84	1,62	0,41	9,40	8,25	8,35	2,15	-5,65	-5,07
-1,00	-6,62	1,27	0,90	0,57	1,26	2,71	2,96	-3,94	-3,89	3,15	1,78	1,78	4,15	-3,57	-3,48	2,16	10,43	3,86	-4,25	1,35	3,89	3,68	3,42	4,01	-1,74	-1,80	0,53	15,82	15,94	14,98	17,79	8,89	7,74	8,29	-1,01	-0,14	4,02	3,51	1,04	3,74	5,16	-13,55	0,18	0,16	0,17	17,16	-1,22	-12,82	-12,69	-12,40	-12,16	-12,34	1,30	3,37	3,19	-1,67	-2,90	3,65	4,01	7,57	7,64	-0,40	6,35	0,24	6,03	3,77	5,88	7,22	12,31	9,34	6,63	12,87	1,57	6,68	5,90	3,58	9,28	6,58	5,37	-1,32	-2,17	-0,84	5,14	11,40	6,82	4,11	5,60	5,25	11,00	7,09	6,18	11,18	6,32	3,36	2,39	0,10	8,29	5,97	3,33	5,34	2,48	5,50	0,01	5,07	0,96	0,77	-5,71	7,58	4,76	5,04	-2,79	5,36	7,72	9,78	8,76	0,64	-0,57	7,13	12,18	6,14	5,84	2,41	6,76	5,17	8,27	5,48	11,77	11,21	9,29	0,79	-7,26	-8,05	-7,30	-1,89	2,81	7,20	1,05	1,37	-1,12	2,65	2,20	-10,80	-8,72	-8,69	-8,71	3,51	5,24	-1,44	-1,94	-2,09	-2,03	-8,83	8,65	13,27	11,76	3,97	-0,89	4,88	2,81	2,60	0,23	-3,65	-2,04	1,30	-0,70	-1,17	1,03	8,85	-2,10	-8,30	-8,35	-8,03	-5,32	2,81	1,55	3,76	1,49	1,39	2,83	-0,38	-3,36	5,67	8,62	10,06	7,12	-2,74	-0,56	2,45	6,67	7,45	3,52	0,50	3,31	1,40	0,95	0,31	3,71	3,66	-1,18	0,77	-1,34	-0,06	-5,26	1,29	3,49	2,71	5,14	7,54	6,40	3,12	5,51	3,39	5,27	10,45	6,15	0,03	-2,30	-0,50	1,97	-3,02	-3,84	-5,66	-4,41	4,45	4,07	4,23	4,04	-3,09	-4,91	-5,97	2,39	-1,55	-0,09	3,57	5,23	-4,55	-0,32	-8,62	-3,24	1,61	-2,68	-11,45	-8,87	-9,08	-8,35	-0,07	2,68	-1,47	-1,61	-1,53	-1,64	-1,68	10,30	10,68	7,40	1,79	1,67	2,60	0,96	0,56	1,19	-0,27	-0,06	-2,09	2,77	1,92	0,33	1,96	-6,93	-6,41	-7,01	-6,73	-4,95	2,58	1,06	9,01	3,17	3,11	1,37	-1,65	-1,69	-1,33	3,10	2,13	3,28	-2,79	-0,78	1,48	4,50	4,08	2,78	2,54	4,08	4,42	6,39	2,89	1,41	4,16	2,76	4,20	2,30	2,91	-0,71	0,57	3,46	5,86	-0,02	1,85	5,93	4,66	3,59	6,18	9,11	7,56	2,48	-0,15	-1,90	5,50	10,37	5,60	6,54	2,02	2,01	3,85	4,31	6,50	9,18	10,96	8,83	-1,42	-6,84	-7,37	-6,58	-6,61	2,17	1,06	-0,27	0,23	1,17	-1,24	-6,54	-10,75	0,43	0,46	0,27	11,69	4,32	-1,28	-0,87	-1,85	-1,55	-9,08	2,05	1,02	0,93	1,59	1,10	1,63	3,47	0,32	1,01	2,24	-0,86	-0,89	-0,98	-1,80	-2,90	0,81	3,73	1,58	3,01	1,57	-0,08	10,66	3,79	9,86	6,67	6,21	3,14	3,21	2,00	3,10	5,59	9,02	2,77	-1,91	-0,95	4,12	9,49	6,53	3,27	1,00	3,01	5,96	5,08	5,10	7,17	0,44	3,72	4,86	2,48	0,75	1,72	0,91	4,83	5,66	4,73	5,89	4,40	0,24	1,47	4,16	5,38	6,56	2,57	4,36	-1,52	1,19	10,41	5,22	4,81	2,53	-2,42	6,18	6,84	6,47	10,68	11,53	9,06	-0,94	-7,67	-7,85	-4,29	-0,03	8,74	8,02	0,49	-0,30	-1,94	-1,53	-0,49	-10,77	0,50	0,40	0,47	8,52	0,96	-8,78	-8,83	-8,73	-8,61	-1,96	13,82	11,40	7,76	2,80	0,46	4,85	-1,51	-1,82	-1,67	-2,58	0,88	-1,05	-0,47	0,04	5,41	6,52	-1,38	-6,32	-8,65	-8,23	-5,38	2,71	2,98	7,25	6,09	3,93	4,27	4,88	3,59	6,40	7,60	8,13	0,90	-2,01	0,31	3,36	8,73	4,80	4,90	1,21	1,88	5,95	1,56	-0,20	4,83	3,97	2,68	-1,77	0,54	-3,18	1,24	1,97	-0,97	2,99	3,01	6,79	5,87	3,25	4,36	4,50	5,61	6,66	-0,65	0,12	-0,76	5,36	6,00	5,82	4,52	-2,16	-1,55	0,77	5,99	6,88	10,10	7,37	8,39	0,26	-7,33	-6,13	-4,22	-0,37	2,95	1,47	-2,70	-0,02	-0,80	0,39	-0,22	0,02	13,20	14,99	13,11	11,63	2,35	6,39	9,70	11,35	5,23	3,30	6,62	9,55	13,90	0,31	0,27	4,66	3,24	2,01	-3,39	-9,82	1,10	-1,43	1,48	0,25	6,03	5,36	-2,60	-8,08	-8,76	-8,05	-6,08	-1,30	0,01	4,62	6,79	8,14	5,84	-2,19	-6,33	3,49	4,97	6,16	2,25	1,32	5,71	3,21	5,06	2,76	6,92	6,17	4,12	4,44	6,56	2,51	5,16	3,80	0,51	-0,32	0,19	3,93	5,47	3,07	2,43	4,72	0,16	2,22	6,51	1,12	2,32	4,91	3,56	5,00	1,39	4,48	2,53	4,60	6,91	7,49	3,09	-2,39	-1,83	6,73	2,97	-0,22	10,03	2,71	2,78	-7,80	-7,18	-6,24	-4,01	-0,27	8,65	6,55	-0,01	-0,14	-1,73	-0,14	-5,30	-10,79	0,28	0,28	0,58	10,57	2,04	-1,66	-1,82	-4,51	-1,94	-1,68	13,94	12,01	15,20	1,40	0,83	4,22	6,84	8,65	1,16	-2,87	-0,85	-2,34	1,49	0,95	6,55	4,74	-0,87	-3,14	-7,42	-9,04	-7,18	0,41	3,14	4,89	4,45	3,10	0,76	5,60	2,57	6,58	-0,25	9,27	2,29	-3,02	-0,55	1,41	7,23	5,37	0,35	6,81	5,87	5,64	1,17	0,64	3,64	3,70	2,13	3,32	1,53	3,04	4,84	4,34	2,79	0,82	-3,50	2,60	6,00	3,84	3,97	5,68	3,26	2,12	1,92	7,27	-0,22	2,91	8,66	1,58	4,57	0,09	6,11	1,92	4,92	3,59	10,75	10,26	8,29	3,79	6,37	0,62	0,26	7,14	10,00	1,34	0,49	-3,41	-1,88	1,26	-2,97	-10,80	0,40	0,40	0,46	9,65	2,01	-1,55	-1,66	-1,55	-0,62	-1,63	14,43	9,83	10,23	3,91	0,95	5,23	5,64	1,67	-0,53	-1,17	-4,17	-2,24	0,35	0,44	2,59	11,60	-0,82	-5,09	-9,71	-7,75	0,26	11,98	11,06	10,25	2,12	0,79	-1,29	-2,25	-2,63	4,14	6,74	10,21	1,62	-2,11	0,59	3,51	5,86	6,50	-1,01	0,45	2,24	6,67	6,30	3,76	5,34	1,95	3,93	0,43	4,28	5,00	2,75	5,09	2,81	5,80	1,99	2,81	7,40	3,67	4,16	5,47	5,52	8,33	7,00	-1,43	-1,95	1,95	6,73	4,44	5,09	1,73	5,83	1,99	4,69	4,73	8,97	9,53	7,41	2,17	3,01	-1,23	6,21	8,92	6,19	7,99	0,79	-0,04	-1,25	1,32	-3,31	0,63	15,23	16,88	17,95	9,03	3,32	13,26	8,37	14,25	9,78	9,13	8,23	9,60	13,67	-2,52	-1,74	0,35	8,07	6,77	0,31	-0,42	-0,09	0,85	0,43	0,23	9,11	2,81	-1,48	-6,00	-8,42	-7,90	2,86	9,60	7,72	9,90	3,00	2,79	6,51	7,10	2,59	1,93	6,97	10,95	0,92	-1,50	-0,02	2,92	5,26	4,86	4,27	6,52	6,38	4,11	4,28	5,99	9,03	1,52	1,18	-0,50	3,23	-1,23	7,21	3,47	5,91	7,83	5,33	4,69	3,39	6,82	8,28	3,60	8,08	5,75	5,54	10,29	6,07	6,89	9,10	9,53	7,63	-1,89	-1,05	-0,00	4,19	1,20	15,32	15,85	10,05	2,92	4,96	9,33	11,43	12,37	3,32	6,54	7,38	5,23	-2,58	3,60	2,08	3,83	1,31	1,21	7,02	1,52	3,03	12,75	9,36	1,84	2,35	1,15	4,38	6,04	3,66	-1,07	2,18	2,39	4,83	5,43	5,09	4,40	4,62	4,73	-1,04	-1,24	4,29	3,07	4,24	1,54	-3,33	-3,37	12,00	11,90	15,78	1,26	-0,27	3,41	2,55	3,61	3,44	2,09	2,74	-4,34	3,21	3,37	3,04	1,59	1,93	0,20	0,16	-4,68	-4,28	3,18	2,71	1,49	2,92	-6,12	-6,57	4,81	-12,08	-12,13
0,00	0,71	2,15	2,20	-1,52	0,32	-3,72	-3,72	3,10	3,00	2,41	2,75	-1,41	-1,33	3,11	1,21	-0,30	3,17	6,18	5,38	-4,38	-4,38	3,89	3,65	-3,80	1,38	14,27	12,06	8,59	17,99	17,39	2,64	4,74	4,94	2,15	0,48	4,27	-2,46	-0,31	4,08	5,01	2,50	-1,16	4,33	5,13	5,95	0,50	3,89	-1,63	0,35	0,88	6,03	7,00	5,31	3,63	4,26	-1,89	-3,52	-4,53	-0,71	-0,12	0,03	-1,53	8,84	6,67	-10,96	7,22	5,48	3,11	6,00	8,24	7,80	5,34	7,13	2,67	2,47	3,81	1,58	7,53	12,01	5,28	7,18	1,70	6,43	5,29	0,51	1,87	4,56	6,72	9,53	8,70	9,02	8,83	7,27	3,73	7,05	4,72	-1,23	-3,03	-0,98	3,58	2,73	5,03	4,48	6,61	2,55	-4,48	-1,05	9,83	6,45	6,35	4,18	3,57	7,25	4,43	4,86	8,19	9,08	5,91	5,36	5,45	5,66	5,23	7,91	8,97	1,63	-4,31	-6,10	-6,43	-6,79	-7,05	3,28	1,08	1,96	0,21	1,13	2,58	3,99	1,45	3,46	4,23	-2,72	0,29	1,60	6,56	1,49	5,59	7,20	1,20	0,35	-0,51	10,44	7,41	0,15	7,43	4,40	7,53	-2,28	-0,55	2,46	6,57	0,51	-0,11	2,01	0,30	1,73	0,48	2,79	2,82	-0,85	3,46	5,93	1,31	-7,65	-7,25	-6,95	-4,91	-5,12	6,25	5,22	2,74	5,02	5,76	1,94	2,36	2,48	-0,66	3,60	4,92	5,31	3,53	3,17	0,38	3,00	4,75	7,57	2,35	-1,23	-0,67	0,58	1,65	3,25	-1,75	5,39	4,76	4,71	1,01	2,62	7,23	3,76	-0,57	2,15	2,10	4,26	2,62	4,22	8,31	6,63	6,98	-2,25	3,43	0,95	0,58	-1,60	0,49	6,16	7,09	5,06	-3,88	2,15	1,65	-0,11	1,24	1,38	0,61	1,98	-4,39	-1,31	-2,34	0,79	-2,11	-4,07	-3,18	-0,53	-0,14	-0,30	2,42	2,38	-0,83	1,59	6,76	6,91	3,30	1,94	6,27	1,89	-0,91	-0,81	-1,35	5,09	3,15	-0,54	-2,19	2,14	0,96	-5,08	-3,56	0,34	0,88	0,46	-0,12	1,28	0,33	-7,44	-7,62	-6,99	-6,78	-4,89	6,11	5,09	2,00	-1,47	4,57	4,36	3,41	2,58	2,22	1,68	0,36	0,42	5,47	2,46	3,00	4,85	3,90	2,43	-1,47	-0,72	2,18	4,79	1,41	0,61	1,91	1,58	-1,53	-2,01	-3,77	2,46	6,08	5,41	5,83	2,73	3,29	8,54	7,82	6,18	6,10	8,44	1,96	2,33	6,91	4,71	4,92	3,15	5,79	7,13	-4,66	-4,22	-6,43	-6,71	-6,17	3,31	3,55	3,37	-3,83	-4,09	0,50	0,34	1,25	0,11	2,21	-3,75	-1,14	6,37	3,02	1,89	3,28	6,76	2,14	-2,90	5,55	11,51	7,27	2,92	5,96	0,14	6,35	4,39	-0,74	1,14	-1,54	-3,42	-3,22	1,65	-1,58	-0,41	0,13	-0,52	-0,72	0,47	2,65	1,64	3,14	1,33	1,36	-2,93	3,26	6,67	7,60	6,40	1,87	2,75	2,43	5,27	0,14	4,01	4,20	5,57	4,22	5,34	4,74	3,27	3,51	3,63	5,08	3,29	5,17	-0,26	1,27	5,10	1,62	0,50	2,57	2,30	3,85	0,89	-1,88	2,87	5,94	4,79	-3,13	1,70	1,44	4,67	7,10	5,95	6,77	-0,54	3,95	2,22	4,02	5,29	2,81	9,68	5,84	6,94	-4,37	-6,07	-7,11	-7,88	-7,61	-0,29	3,10	3,37	-2,58	1,86	1,83	0,87	-1,94	1,77	0,66	-1,96	-1,77	2,82	3,00	0,25	2,85	4,93	1,27	5,46	2,46	7,55	0,54	3,65	6,07	-1,95	3,34	4,88	-1,20	-0,38	-0,10	-3,03	-2,62	1,06	0,53	-2,02	2,13	1,99	-1,18	-1,65	0,30	0,89	-1,78	-7,87	-7,46	-4,55	-7,40	-5,62	2,59	3,13	4,75	6,55	4,92	3,77	6,01	4,37	1,95	3,45	6,31	3,84	3,81	3,34	2,37	4,88	5,33	5,34	3,42	-2,28	-2,86	-1,01	2,96	-2,88	0,12	3,14	3,08	-0,49	2,45	3,81	1,38	5,61	6,05	1,96	2,72	5,87	4,33	-0,39	-0,46	2,48	4,59	2,78	1,99	4,62	3,90	1,53	0,27	2,97	-5,67	-6,22	-6,34	-5,40	-5,37	0,58	3,86	3,07	0,89	-2,10	-1,48	-2,05	-0,51	1,12	0,24	-2,53	-1,52	5,78	4,59	-1,25	-2,55	-0,99	0,15	1,81	3,78	0,28	6,30	4,20	2,78	-1,01	5,25	2,21	0,42	-2,38	-1,67	-2,60	-7,72	3,57	1,65	-1,37	0,82	1,15	1,16	1,94	-3,25	0,76	-0,66	-7,98	-7,40	-7,90	-7,66	-4,69	9,57	7,15	3,75	4,14	1,62	2,57	2,21	3,77	3,64	4,80	5,49	2,49	2,85	4,03	-0,61	-0,01	-0,32	7,36	3,88	4,19	3,47	4,13	2,74	2,55	2,14	1,63	-2,57	-1,57	-3,94	2,09	4,48	3,83	6,06	2,09	1,88	3,27	1,46	3,83	5,76	7,53	1,52	0,10	2,90	-1,52	3,11	6,71	7,73	8,18	-3,51	-6,39	-6,18	-7,05	-7,25	-5,67	2,04	3,08	2,01	1,14	2,47	1,67	-2,43	-2,90	-0,26	-3,84	-3,01	0,40	1,27	0,99	4,05	2,50	3,33	7,08	5,39	5,54	1,84	-9,56	-2,48	0,86	6,57	2,22	-0,55	0,65	-0,59	2,13	-3,55	1,35	0,19	-2,98	-0,16	1,31	-2,94	5,16	-3,86	2,08	0,60	-7,63	-7,86	-5,07	-7,37	-4,02	9,47	8,30	2,32	4,61	8,97	6,90	-0,74	5,29	6,56	7,11	7,56	4,22	3,01	3,18	5,28	4,71	4,64	7,68	3,03	-1,23	1,09	-0,19	4,82	-0,29	-0,38	0,88	-0,29	-2,11	-1,62	1,74	3,92	6,63	4,82	2,83	3,94	4,99	2,14	5,15	-0,66	1,68	3,86	2,66	6,64	6,72	2,64	2,40	7,84	8,08	6,84	3,68	4,43	2,59	3,53	2,44	7,77	-4,13	0,52	0,60	0,34	-3,57	-6,94	0,52	-1,30	-2,25	-3,74	-2,52	0,32	-3,85	-1,90	-0,17	1,75	5,16	7,87	7,53	8,23	4,61	6,48	2,27	6,55	7,37	1,89	6,57	1,27	0,61	-2,54	2,49	0,67	-1,79	1,41	-6,65	-2,64	-2,16	3,27	0,68	2,93	-7,61	-7,44	-7,20	-6,84	-5,71	10,74	7,94	2,66	4,37	5,98	6,08	0,70	3,79	6,98	4,12	4,39	5,06	2,43	-0,72	-3,74	5,29	3,23	4,68	2,33	2,24	2,33	0,93	0,45	3,45	1,85	-1,29	-2,57	-2,00	-3,76	-0,34	7,35	4,62	4,77	-2,90	3,05	3,96	2,84	4,94	4,76	1,59	3,03	3,51	6,35	5,82	4,63	-0,89	4,03	7,93	6,67	2,20	-0,01	0,45	1,77	1,39	9,46	3,44	0,10	0,58	0,44	-0,52	-6,08	1,65	2,86	-0,41	-3,79	0,59	-1,91	-2,30	-0,51	-0,68	1,73	6,96	6,33	10,89	7,71	2,62	2,11	4,76	-1,69	-2,42	-0,07	9,53	7,18	-0,15	-2,48	1,15	0,91	0,83	2,53	3,47	3,35	1,56	3,08	2,62	3,63	-7,65	-7,25	-8,01	-7,06	-5,38	9,64	8,03	4,09	6,26	5,44	5,09	6,94	4,26	9,50	3,24	2,31	3,72	5,11	3,91	2,91	5,90	5,33	8,60	2,32	3,45	2,79	6,60	4,23	2,83	5,51	1,37	7,77	6,44	6,37	5,60	5,83	5,92	8,21	8,67	9,78	7,22	9,69	6,80	7,99	8,89	12,99	5,06	6,10	8,03	5,84	3,18	11,53	5,22	2,08	6,28	8,60	4,25	2,94	5,17	8,18	5,16	4,91	-0,84	6,83	7,02	-1,27	3,90	7,40	-0,60	1,18	6,57	7,02	3,15	3,24	5,50	2,84	2,74	7,44	6,56	5,86	-1,07	-0,63	-1,55	5,52	5,56	-2,53	-1,01	-1,81	5,16	3,68	4,98	5,48	3,06	4,64	4,19	3,67	4,56	-1,59	1,67	3,62	-0,95	-0,41	4,32	4,83	4,53	1,01	3,31	2,66	3,92	-3,99	-3,61	4,25	1,75	2,78	1,79	0,79	1,11	-1,37	-6,24	-5,30	3,19	3,21	2,27	3,09	0,16	0,47	2,20	-6,10	2,14	1,94
1,00	0,39	0,79	11,41	10,85	1,12	2,16	1,47	2,94	3,10	2,92	-7,16	-7,24	2,61	3,36	2,29	1,76	6,48	2,83	1,62	3,74	-0,54	10,92	11,01	10,94	17,30	-3,27	-0,31	-1,70	1,96	4,53	3,22	3,22	1,97	4,90	4,96	1,05	0,62	5,23	4,96	5,22	4,01	-0,38	4,48	3,74	0,22	3,40	3,07	1,02	0,94	4,17	5,59	7,01	5,88	3,41	-3,07	-1,33	-4,87	5,22	4,33	5,72	0,93	7,65	5,96	1,92	0,99	6,87	2,56	4,78	6,69	4,29	1,54	10,64	4,21	8,67	10,18	5,13	5,91	2,47	7,63	10,21	3,80	6,96	2,19	5,54	1,14	6,74	10,80	1,17	3,31	11,58	8,57	8,82	7,85	4,88	0,51	-0,79	2,72	8,62	-1,18	-0,37	-4,11	-1,68	-1,18	-1,10	5,93	-0,68	1,45	2,51	6,49	13,36	7,35	5,57	5,79	5,27	3,46	3,47	2,35	8,86	4,37	7,22	6,52	-5,48	-5,49	-5,43	-5,89	5,23	11,25	2,78	3,09	-5,33	2,41	3,30	5,39	8,33	5,38	0,22	1,37	-1,27	0,24	0,57	0,83	-1,26	5,48	6,19	7,83	2,42	2,10	0,78	-0,91	2,30	0,28	6,14	0,35	1,09	8,08	6,42	10,27	12,17	10,80	17,63	0,28	0,86	0,96	0,61	-0,28	2,83	-0,72	2,36	7,75	3,97	-2,84	9,10	-4,95	-1,58	-1,10	2,73	5,58	-6,24	-6,21	-6,76	-7,44	2,72	6,35	6,35	7,90	3,37	3,20	0,95	0,63	1,87	5,49	0,91	5,45	3,77	4,21	0,23	2,56	1,10	-3,94	-2,27	-3,62	0,08	2,85	3,04	5,82	6,63	2,26	2,91	5,67	3,98	4,95	6,23	7,10	5,56	5,33	6,45	7,96	8,14	-1,40	5,76	5,72	-2,56	3,36	-3,02	1,69	7,65	9,00	1,99	2,03	-5,30	0,41	0,24	5,45	3,45	3,52	-1,22	-5,05	-1,80	0,32	-2,11	-7,38	-5,43	6,61	7,06	3,50	-1,84	0,96	-1,34	-0,63	3,22	5,32	3,96	2,54	1,78	5,99	8,60	8,90	13,77	12,18	11,13	-3,02	-1,28	-3,94	-3,40	-1,77	2,63	1,35	2,66	4,63	1,11	1,88	3,82	-0,54	6,73	10,64	9,35	3,55	-6,33	-6,73	-6,46	-5,98	5,86	3,78	-1,13	7,15	2,22	4,30	-0,16	2,88	7,64	0,43	-2,23	-3,08	4,31	3,08	1,77	4,59	1,62	-1,05	-1,47	-1,26	-1,39	2,11	1,47	4,95	4,61	0,15	0,03	3,19	4,30	4,74	0,65	4,58	2,51	0,21	3,43	-0,24	1,44	1,07	5,02	1,97	-5,73	-3,74	-4,60	-8,00	3,07	10,96	0,93	0,80	-6,45	-1,90	3,77	2,56	5,99	4,02	2,42	1,09	-0,53	1,06	0,65	0,43	-3,02	-7,55	1,93	6,78	-7,26	3,56	1,61	-4,31	6,31	-8,31	-4,04	-7,32	-8,72	-9,69	1,04	4,66	0,39	0,21	0,47	-10,73	0,05	-2,88	-2,64	0,74	0,94	0,04	3,16	6,31	4,45	1,09	1,85	-1,01	5,46	0,23	2,88	-1,10	5,34	6,47	7,69	2,90	3,52	4,36	5,66	7,41	1,47	1,78	3,97	4,35	5,97	2,53	3,42	6,32	4,69	5,06	0,59	4,31	5,18	2,27	2,04	-0,90	-2,65	-3,36	-3,87	3,38	0,75	3,08	1,93	4,31	4,50	1,75	2,18	5,43	2,28	0,30	2,76	-1,97	7,39	1,18	6,12	4,00	-5,72	-4,86	-5,77	-5,81	-0,51	5,00	-0,57	10,06	-2,46	1,08	3,79	5,42	1,72	5,39	0,85	1,19	-1,03	1,80	-1,07	0,89	-1,62	0,73	5,67	-0,76	1,68	7,32	5,67	1,81	5,50	2,16	5,48	3,44	0,23	0,22	0,96	0,39	0,89	0,50	6,39	-2,23	-0,37	0,15	-0,30	-1,72	-6,71	0,85	3,87	1,09	4,87	2,68	-1,12	-5,89	-1,82	2,70	9,61	2,05	-6,36	-6,32	-5,85	-6,36	2,67	1,47	4,77	6,30	2,54	6,31	-0,84	0,49	5,95	5,04	3,61	6,02	7,34	0,35	-1,33	-0,33	2,97	-0,28	0,37	0,89	-1,37	-4,14	-4,56	4,83	2,55	-1,39	3,40	4,62	1,20	5,17	4,47	5,94	4,13	-3,01	-1,32	0,45	4,51	6,44	1,41	5,96	-6,77	-5,99	-5,69	-6,07	4,44	9,05	9,76	10,21	-0,61	1,91	3,21	1,87	1,94	1,06	-2,63	2,26	1,59	-0,05	0,03	0,39	-0,01	6,07	5,52	5,18	-1,12	5,53	6,25	4,55	2,52	-8,40	-8,85	-8,41	-9,69	-9,71	1,78	-1,05	-8,79	-9,15	-8,69	-10,99	-0,76	0,55	0,35	-1,07	0,76	-0,62	4,33	5,03	-0,30	0,78	0,70	-5,44	2,74	2,54	7,12	2,71	-6,32	-8,04	-6,67	-7,50	2,84	-0,38	6,66	6,81	1,96	3,94	4,91	7,35	3,67	5,15	3,70	4,92	4,77	3,65	0,70	3,70	3,43	-1,49	-1,32	-1,46	1,96	-2,06	-0,70	3,79	4,66	-1,40	-3,48	2,06	5,24	2,81	3,78	5,63	5,11	6,58	4,64	0,38	6,05	3,38	-2,09	5,41	-5,66	-4,91	-5,73	-5,70	5,31	8,69	2,03	1,43	-5,53	-2,04	-4,98	-4,38	2,95	3,88	0,56	1,13	-0,81	-0,54	0,20	0,48	0,85	7,62	4,71	6,53	-2,74	0,73	-1,05	2,40	3,71	-8,36	-8,17	-8,35	-9,78	-11,13	-9,44	8,47	14,06	15,58	16,34	-4,40	-1,90	1,03	0,19	-1,08	0,61	-2,15	5,77	3,57	4,58	0,33	0,05	-5,84	2,64	2,90	2,21	-0,58	-7,00	-6,07	-5,51	-6,23	6,58	5,29	-0,29	6,68	3,47	5,15	3,46	3,74	7,94	3,82	6,29	5,57	4,82	6,01	5,12	6,85	4,34	-1,42	-2,48	-2,12	-1,36	-0,99	-0,82	4,71	5,22	-0,40	-1,36	4,06	5,86	5,37	1,22	-0,07	2,49	-1,21	4,58	0,90	3,30	4,86	4,22	4,97	-2,56	-1,23	3,75	6,38	8,54	-0,34	-3,55	-4,44	-5,76	3,75	3,92	2,98	6,77	3,59	1,54	2,94	-7,24	0,61	-3,26	-1,32	-0,88	4,97	6,44	4,68	-2,21	1,08	0,07	-0,40	7,70	-8,14	-8,21	-8,58	-9,63	-9,31	8,91	10,88	0,30	0,43	0,44	-10,91	1,37	1,56	-3,76	-1,03	2,28	-5,36	5,41	7,66	4,77	-0,43	-0,04	-5,86	-4,92	-4,75	2,72	-2,74	-7,18	-6,13	-5,97	-5,66	4,40	6,04	4,24	4,79	2,28	4,75	7,11	6,75	-1,32	-5,71	-4,19	-2,35	4,27	4,77	5,18	1,39	1,73	-1,40	-0,45	-1,25	-4,43	-3,67	-1,03	3,00	0,01	-0,25	-0,06	4,04	6,12	-2,74	5,56	5,86	2,51	1,02	6,18	4,13	4,19	5,75	5,58	1,29	-2,26	1,92	3,88	2,89	3,41	9,79	-1,49	-1,37	-7,17	-4,17	-4,25	-5,38	-1,05	0,78	1,46	-0,70	-5,94	-4,26	0,78	0,83	0,46	9,49	-1,37	-1,20	-1,92	0,99	-0,88	0,60	3,76	-8,23	-8,28	-8,33	-9,64	-7,91	7,76	6,50	0,09	0,47	0,40	-10,76	1,33	-1,04	1,01	-3,02	1,81	2,61	2,45	6,47	5,31	-0,43	1,34	-4,56	-0,65	-1,52	1,13	8,26	-6,26	-6,08	-5,17	-6,08	6,01	6,92	3,09	0,35	1,51	4,11	5,07	7,39	5,51	4,75	4,83	6,59	3,96	7,70	-3,02	2,90	3,17	4,73	6,98	4,95	3,75	1,90	7,16	3,00	3,67	8,04	5,94	5,42	4,62	4,21	4,99	9,56	3,54	-1,09	8,54	2,50	11,82	7,79	7,69	9,80	4,27	9,64	8,12	10,97	2,08	12,22	14,04	11,66	5,69	4,70	6,88	8,46	8,29	3,98	4,44	5,39	3,42	2,22	6,85	6,37	4,76	6,68	5,32	5,48	1,96	2,83	0,77	2,62	3,08	-10,66	-11,97	-12,35	-12,89	-12,78	1,12	-1,37	-12,72	-12,78	-12,86	-13,59	4,87	5,40	5,41	0,13	-0,21	4,62	4,97	1,27	1,30	1,92	0,54	11,85	8,89	13,32	1,16	0,33	6,80	-1,25	-1,08	-3,27	2,44	2,73	2,65	2,64	3,22	-0,47	2,55	-3,47	-4,49	-0,19	0,84	2,10	2,81	1,90	0,48	0,29	1,89	3,01	1,46	-10,09	-10,13
2,00	-5,31	-4,60	-4,84	1,14	1,85	8,46	11,54	11,67	1,76	4,21	5,59	2,93	2,19	-3,22	1,57	-0,99	-0,17	2,71	19,43	18,94	2,46	4,03	1,51	4,12	-3,40	-4,13	-4,53	4,07	-0,37	-2,17	3,10	4,34	3,84	3,50	4,55	0,86	2,00	5,02	4,25	3,34	-12,72	-12,79	-12,33	-12,53	-13,19	1,67	15,54	4,94	4,02	3,85	1,96	7,13	8,43	8,62	12,92	5,09	-2,81	3,86	3,49	4,07	9,26	5,07	4,12	2,47	2,85	-0,54	10,61	6,46	0,50	-0,56	3,39	3,36	7,11	6,54	-1,97	3,79	9,98	0,28	5,87	7,38	0,99	10,15	3,39	4,98	3,97	-0,63	2,57	2,89	6,23	6,37	-0,64	-1,09	9,14	2,87	2,55	2,78	7,33	4,51	4,11	-0,29	0,79	1,47	2,00	-1,80	0,24	-4,31	-2,42	-2,26	9,50	7,10	6,95	2,27	5,08	4,81	-1,45	2,75	8,70	10,37	-3,97	-4,60	5,30	0,21	5,00	-3,76	-4,21	-2,09	8,14	6,51	2,62	5,32	4,12	4,64	1,42	1,61	2,36	7,63	-1,38	1,10	-2,89	1,29	-9,71	-5,49	-8,87	-8,03	-8,29	-6,44	5,58	9,73	6,05	4,03	3,11	1,48	4,87	2,09	7,26	9,04	-2,82	-6,25	-0,49	-2,95	-1,53	1,08	0,32	-1,31	-0,08	-6,08	9,09	-7,88	-4,51	3,74	-3,41	-2,41	0,63	-0,44	-0,40	3,33	-3,14	-6,97	-6,53	6,27	0,24	5,49	-5,85	-4,98	6,63	2,11	3,74	-0,02	5,05	2,34	3,98	0,42	4,02	2,86	-3,14	-1,55	-0,87	4,70	1,43	0,35	0,75	1,40	2,00	-0,67	-1,60	-2,64	1,24	0,29	11,71	3,07	3,14	4,93	4,38	4,80	1,74	1,22	-0,32	1,16	-0,43	2,15	-5,81	-4,88	1,43	-7,10	-6,66	-0,25	-5,07	-6,50	1,32	3,31	3,12	1,66	2,98	-4,26	0,92	6,09	-6,64	-2,03	-0,87	-6,89	-9,96	-8,53	-11,53	-11,33	-11,54	-8,87	10,66	4,70	3,83	0,86	1,93	2,27	2,64	2,54	5,98	5,81	-0,87	-2,02	-1,99	3,17	4,15	-4,60	-0,67	1,64	1,66	-1,62	5,01	2,46	0,03	3,62	3,51	1,36	1,73	0,14	2,75	2,98	4,84	0,28	4,30	1,32	-4,78	-4,18	-5,69	-5,33	3,06	7,41	3,87	2,35	6,45	4,82	-2,74	-1,40	4,05	7,49	1,29	3,51	1,33	6,06	3,57	3,19	3,18	2,76	2,07	3,41	-0,79	-2,80	0,04	-1,32	7,28	4,91	-0,71	-0,34	6,27	3,46	-3,36	6,44	1,81	1,79	-6,26	-5,38	5,46	-0,67	5,47	-4,44	-6,18	-1,73	1,07	5,30	1,70	-2,99	-4,06	1,36	0,56	-0,74	1,53	3,72	0,68	-1,85	-1,93	0,08	-0,15	-6,11	-9,18	-8,33	-8,49	-8,52	5,29	3,93	6,05	9,18	4,89	0,76	8,66	8,43	2,68	8,97	-2,04	-2,70	-3,94	-2,00	3,78	0,18	0,41	0,56	1,04	1,69	4,21	-5,81	-5,66	-5,46	3,58	-4,16	-1,51	3,14	7,72	8,39	2,16	2,17	-1,30	4,03	-2,25	-7,14	3,02	6,74	4,22	2,16	0,97	-1,47	4,54	1,87	3,61	4,42	5,92	4,59	-0,91	-0,74	-2,73	0,22	-1,37	-3,10	-3,86	3,58	2,88	-0,91	3,15	-2,56	0,61	-0,02	6,41	4,64	6,42	6,56	3,30	7,12	-0,75	4,52	2,99	2,73	-5,26	-5,76	-5,39	-5,29	5,18	3,22	2,09	4,46	7,61	4,96	-1,95	2,61	0,77	2,65	1,90	1,67	0,97	5,47	-2,64	1,48	1,06	1,21	0,28	-9,46	-9,04	-8,68	-9,66	-8,55	4,92	4,49	2,16	7,25	5,37	6,50	7,85	12,35	10,22	4,71	0,08	-7,88	-1,18	-1,25	3,72	-0,63	-0,73	-1,94	0,41	-1,26	3,95	1,44	2,61	0,37	1,53	-0,37	2,41	2,71	7,39	3,97	-1,89	-5,26	-4,25	4,42	-0,59	4,03	-6,95	-5,03	2,87	2,16	-1,30	0,36	5,27	4,66	0,88	0,30	4,62	3,99	-3,16	-0,24	-3,22	-0,70	0,14	4,16	0,13	-0,09	3,56	0,45	3,41	-5,62	0,72	0,98	1,83	-2,11	2,50	3,72	5,23	3,15	-0,25	4,46	3,63	6,91	-5,79	-6,58	4,96	1,10	5,87	-2,64	-3,71	-0,47	-0,36	-0,91	1,21	0,63	-1,69	-1,68	1,93	1,10	2,02	0,25	-2,36	-4,19	-0,10	-0,15	-0,00	-9,75	-8,91	-8,32	-9,66	-8,43	5,92	10,31	4,54	1,50	0,00	4,42	4,99	2,47	8,89	-1,90	1,35	-4,30	2,89	-3,92	0,27	-2,96	0,02	-2,06	-0,42	-5,86	2,94	1,24	0,70	-1,44	4,94	-0,46	-4,81	0,81	-0,45	-0,29	-4,35	-6,60	-6,26	5,24	-5,12	-3,03	-6,35	-4,63	8,42	3,27	1,49	0,13	5,18	1,91	1,49	1,83	1,65	5,01	-1,23	-0,72	-2,67	7,07	1,08	0,90	-0,34	1,52	-1,00	2,22	1,57	-4,48	0,18	1,25	6,71	4,58	-1,01	-0,37	5,54	4,21	-2,63	2,00	-2,01	1,71	-6,65	-7,46	-4,11	-5,09	4,97	-6,68	-4,18	-1,10	1,76	0,05	-0,41	0,00	-2,67	-2,47	-5,65	-1,37	1,25	5,19	-1,45	1,43	0,21	-0,32	-9,80	-10,88	-10,34	-11,26	-11,50	-8,10	3,85	4,17	4,57	5,34	1,87	6,48	5,41	2,38	-6,54	-0,08	0,49	-6,11	3,53	7,45	2,71	0,42	1,08	0,92	1,12	-1,75	5,42	-1,59	1,74	1,75	-0,58	-1,24	-1,49	1,66	3,48	8,91	7,04	2,88	3,84	5,05	-5,12	-4,43	-6,87	-4,73	6,87	2,94	5,94	4,34	7,42	5,22	6,20	5,68	3,09	7,40	-1,21	0,37	-3,51	3,57	0,12	2,75	-2,67	2,88	2,24	1,45	2,62	-2,63	1,50	-3,75	7,77	4,64	1,04	3,77	3,36	3,30	-1,81	2,12	1,37	6,28	2,79	2,50	-7,75	-5,08	4,24	-2,74	-6,39	-0,21	-2,67	-3,96	3,36	3,78	-0,92	2,49	1,70	-1,70	1,88	2,79	0,61	-5,89	-0,15	-1,47	-0,39	3,24	2,11	0,21	-2,29	-0,46	-0,94	-4,25	2,55	6,62	6,58	3,75	5,26	3,24	-0,79	4,39	-1,56	-2,67	-0,91	5,22	3,34	0,60	-0,45	-4,08	1,16	-0,75	6,89	2,13	1,01	1,95	-6,33	-1,89	5,76	2,36	2,70	5,31	6,55	-2,29	3,40	0,10	-4,29	-4,19	-5,83	-5,26	5,44	1,18	1,57	-0,29	4,50	1,39	5,50	4,28	4,19	4,33	-2,87	-1,65	-4,79	1,61	3,29	3,74	3,83	0,43	-5,70	5,34	0,87	-1,47	2,33	0,98	3,15	-3,98	-0,36	0,88	3,81	4,55	1,02	4,05	8,46	4,24	2,14	6,75	-6,04	-5,67	-0,98	-4,31	-4,30	-1,87	8,05	8,01	3,14	2,86	2,26	3,93	-0,47	2,81	2,90	7,65	-2,24	-1,85	-6,34	1,95	0,58	4,32	-2,47	-0,09	-3,86	0,28	11,46	8,04	6,51	6,68	4,83	6,18	3,76	3,90	4,10	5,89	-2,42	-4,37	2,23	-1,07	3,72	-2,55	-1,17	0,74	-3,30	0,91	6,72	4,71	-0,28	1,00	1,37	3,41	1,62	1,55	7,74	7,76	-0,95	-4,23	-4,35	7,01	-4,53	-4,25	-6,67	-3,88	4,91	8,95	4,76	5,10	6,60	4,42	6,37	4,81	3,99	5,98	5,57	-0,07	4,38	8,38	2,87	-0,31	-0,22	4,77	3,47	3,08	6,40	3,80	3,36	2,73	2,85	9,50	-3,10	4,96	7,12	6,11	3,83	4,89	3,13	7,29	3,39	3,50	9,13	6,46	6,22	5,87	4,74	9,66	12,58	12,37	2,00	0,96	0,81	6,22	3,50	0,34	7,61	7,23	0,75	4,83	2,01	5,04	6,37	7,68	6,31	5,11	3,59	0,39	8,73	12,27	3,44	3,21	0,38	-1,06	0,64	0,07	10,54	10,49	3,70	6,65	-0,08	4,62	-7,43	-6,80	-6,74	-7,00	1,42	2,48	3,98	4,70	-0,00	2,78	2,34	0,95	0,25	2,85	3,07	2,57	8,31	8,08	14,44	1,73	3,02	7,54	9,21	3,35	9,68	9,34	12,16	7,51	-5,44	1,96	1,83	2,14	1,40	0,09	-15,51	-10,54	-7,43	-7,68	4,74	1,68	1,67	1,69
3,00	-1,43	-1,79	1,29	2,28	2,31	2,32	2,63	2,25	9,20	11,05	1,29	1,24	1,47	2,53	2,20	-7,20	7,61	4,07	4,42	-4,49	0,66	0,95	9,13	2,91	8,35	-0,15	5,47	5,55	-2,46	2,48	3,33	-14,01	-13,76	-13,68	-13,51	-13,46	-13,28	0,18	-1,67	-1,54	-0,45	5,55	-0,96	-1,63	-1,75	-1,63	-5,75	7,72	17,48	6,27	1,21	2,71	3,89	-0,06	5,99	8,69	-1,81	5,59	6,49	7,44	4,70	1,97	1,43	3,36	6,02	6,72	-1,73	11,43	8,80	1,01	3,45	9,17	6,26	6,44	9,16	6,06	12,65	2,46	4,66	5,09	6,69	2,40	6,05	6,80	2,69	2,59	5,91	-2,09	-1,43	-1,27	2,57	4,82	3,35	2,63	0,65	1,11	3,10	0,96	1,76	-0,77	3,78	5,80	7,18	5,73	6,35	5,20	0,49	2,72	-1,92	-1,39	-1,53	2,19	-0,17	1,77	3,47	5,09	0,82	1,15	4,21	6,85	6,14	7,75	0,24	4,64	-1,85	2,55	4,13	-2,58	2,39	4,80	5,60	-6,73	-8,45	-2,37	-2,08	-9,72	-3,25	7,32	5,90	1,94	-7,97	-5,60	0,02	3,98	0,74	-3,97	-7,28	0,14	11,40	7,94	7,24	3,38	6,24	13,30	11,05	-1,28	6,18	4,91	-4,52	-3,06	-6,23	-3,68	0,99	-1,84	-2,99	5,46	-1,67	2,85	-8,51	-10,34	-4,78	-1,68	-2,01	-4,72	-6,95	-8,74	-8,51	-4,67	-2,86	-1,08	2,21	2,74	3,80	0,65	2,60	1,93	3,14	2,54	2,21	-0,99	6,19	-1,87	0,39	0,02	1,64	2,18	3,59	4,14	4,11	3,04	3,03	0,84	4,65	3,62	2,28	2,82	4,05	1,17	-0,22	-0,64	-2,70	2,93	2,62	0,56	-0,00	-5,58	3,90	-7,17	-7,63	3,60	0,89	2,09	-0,08	0,43	-3,83	-1,09	-7,32	-8,82	-5,58	-0,36	1,62	-7,50	-11,29	-11,17	-10,22	-12,05	-5,87	-3,40	-3,44	-7,09	-8,61	-7,20	-0,31	3,43	-1,18	-2,26	-3,22	4,63	9,34	6,87	3,92	2,99	3,05	7,92	3,92	-4,30	-5,56	-0,78	7,47	5,03	-2,69	-1,16	-0,13	1,28	6,17	4,50	-1,72	7,88	6,50	2,14	6,84	2,37	0,39	3,47	-6,89	-8,51	-8,39	-1,94	0,41	2,21	7,39	3,65	2,06	-5,62	-3,37	0,79	5,21	4,12	4,52	3,76	0,96	-3,71	0,05	5,18	-0,94	-1,32	-2,09	-7,21	3,74	2,50	1,12	0,12	-3,10	1,71	2,29	1,04	-0,35	1,37	0,04	0,32	-1,50	0,36	-1,24	-1,83	-1,69	4,74	1,36	4,39	2,16	2,53	5,37	7,44	0,84	0,94	-2,19	-7,17	-7,16	-6,71	4,25	2,19	3,54	-2,52	-0,49	8,26	8,16	-1,37	4,82	6,44	0,00	-9,74	-6,07	-6,34	4,34	-4,99	-2,40	-1,73	-3,52	5,16	12,23	2,56	-0,75	7,56	2,60	10,44	7,05	-2,09	-2,69	0,67	-2,73	0,73	-3,99	-0,25	0,91	-1,54	0,66	5,80	1,42	8,71	8,95	1,02	-1,50	-6,93	-6,03	3,60	-7,16	-8,54	-8,66	2,01	3,13	-1,17	4,27	6,16	-1,96	1,05	3,59	6,54	-1,78	-0,09	0,21	4,61	-0,21	-2,63	-2,24	-1,91	-1,00	0,48	3,10	-2,02	0,32	0,26	-1,07	2,73	4,19	-1,18	-0,54	4,40	-7,97	1,81	1,16	0,48	2,85	5,87	1,36	1,70	0,42	5,09	5,02	-4,83	-5,02	3,40	6,43	3,35	0,10	5,78	4,75	-6,65	-6,72	-8,64	1,81	3,71	4,37	3,07	-8,47	-1,79	-1,76	-9,81	-3,15	-3,25	-0,68	-5,40	-5,14	-5,36	-4,03	-5,41	-2,47	-4,11	-2,71	-0,19	6,33	7,45	2,00	2,87	9,77	6,03	7,48	0,58	-6,30	-5,15	-1,15	-5,09	-4,28	-4,25	-0,07	0,85	4,80	6,22	-2,75	1,09	3,08	0,08	-0,35	2,52	-3,76	2,71	-8,80	-6,29	-7,49	2,23	-0,01	-0,81	4,88	6,68	5,26	4,34	5,29	6,39	5,02	-3,60	-0,78	-0,85	2,11	-2,45	-0,63	-0,14	-0,11	-0,75	3,58	3,81	-6,51	2,24	-1,53	0,71	-0,83	2,23	6,41	5,14	0,59	-1,46	0,27	-1,04	0,55	8,33	0,86	2,82	1,91	5,50	1,81	-2,58	-0,75	1,19	3,05	5,37	-0,23	2,30	-2,38	-8,23	-8,72	-6,88	-3,65	4,62	2,72	-2,72	-9,16	-2,44	-1,80	-8,88	-3,57	-3,54	-1,64	-0,28	-6,24	-6,05	-3,25	-4,53	-0,87	-3,64	-1,99	10,75	10,37	6,38	-1,73	3,17	8,35	12,11	9,77	-2,44	-2,63	-0,66	-0,70	-6,32	-6,52	-5,11	-1,34	1,27	-1,76	-0,44	-1,28	7,90	6,94	0,90	0,25	3,49	-1,75	-4,27	-8,80	-8,44	-8,17	-4,45	1,26	0,35	3,17	5,10	-2,94	-5,29	-6,88	-3,69	2,04	2,11	2,42	3,22	4,42	2,61	-1,44	-1,29	1,39	2,85	-8,39	-8,14	2,38	3,95	0,90	-2,98	1,03	2,84	2,36	0,07	-0,41	3,91	-0,15	0,27	2,03	5,68	-1,33	-0,57	-2,83	-3,27	-2,31	-5,15	-4,07	6,82	5,15	6,31	-4,25	3,13	4,38	-8,29	-8,61	-6,75	4,13	3,41	-0,55	-7,20	-8,98	-11,00	-10,15	-12,06	-5,34	-3,08	0,79	1,10	-4,52	-4,62	-5,77	-6,00	-4,93	-5,60	0,95	1,81	9,01	13,36	6,78	0,91	-0,86	8,65	-0,18	-6,04	-3,66	-1,64	3,46	-4,14	-1,35	-2,25	-1,40	0,77	6,01	4,64	-1,77	6,76	9,25	1,40	-1,11	2,53	-0,88	4,83	-6,97	-7,73	-7,16	-0,26	3,88	7,05	6,71	4,89	4,34	-4,53	-4,42	2,20	0,52	4,64	2,14	2,23	9,50	2,07	-0,45	-1,44	-0,75	3,10	6,52	2,90	2,49	3,00	-0,78	-0,28	0,99	0,16	1,71	4,22	4,32	0,82	0,51	0,00	-0,12	7,94	2,72	0,74	-0,51	4,38	0,77	-4,80	-4,83	3,76	4,04	5,19	3,79	0,85	-2,76	-2,54	-8,32	-8,93	-4,75	3,47	2,89	-1,55	-0,26	5,90	9,04	-1,04	1,87	-4,98	-2,90	-4,53	-3,81	0,30	-1,08	4,58	-2,10	-5,08	-4,69	-0,55	4,31	0,82	2,81	3,48	3,28	6,06	8,34	4,31	-6,58	-1,17	10,18	4,35	-2,86	-2,18	1,59	-2,19	2,22	6,42	-1,09	2,54	5,32	2,32	-5,61	0,52	4,11	1,91	-5,87	-8,56	-8,21	-1,64	-4,08	0,47	2,53	7,73	2,49	-5,04	-4,87	3,08	4,69	1,85	0,61	4,53	1,02	-1,86	-4,08	-2,64	2,77	2,62	2,81	4,90	-4,96	-2,48	-4,95	-0,40	-2,33	3,08	3,31	0,52	3,72	0,97	5,14	-3,54	1,34	8,51	-2,11	-1,12	-2,58	-0,28	0,61	-5,21	-5,24	-0,30	0,85	-1,70	-0,89	1,10	-3,22	-8,70	-6,31	-8,59	4,18	4,13	3,30	4,17	-4,92	2,83	8,95	-1,55	7,82	6,58	-4,04	-2,07	-6,53	-5,53	4,02	7,59	1,43	-1,03	-0,87	8,31	10,42	13,07	4,78	1,00	9,06	12,79	15,20	-1,75	-3,99	0,94	-0,68	-4,37	-3,77	-4,58	0,36	-2,31	8,28	5,68	0,53	5,58	3,25	-0,51	1,36	3,79	4,16	0,92	-6,88	-8,50	-8,03	-0,73	3,15	-0,14	7,26	5,01	4,92	-5,32	-5,03	2,26	6,28	5,99	2,76	3,92	8,74	7,02	5,09	5,21	2,02	4,01	1,76	1,11	3,22	3,91	3,08	4,62	0,36	1,84	7,97	5,86	7,73	3,37	3,76	8,57	1,87	5,38	5,86	4,44	0,42	1,35	4,04	1,94	1,61	3,83	3,14	2,74	4,41	-0,82	-0,92	-0,09	-0,48	9,56	8,05	8,37	2,48	1,12	2,61	6,51	10,66	-0,32	11,94	4,20	4,36	5,63	4,67	5,17	1,50	10,65	0,50	-0,86	2,32	5,99	6,80	12,95	2,98	-0,38	-0,28	6,29	-0,00	-0,83	3,56	-5,01	-6,32	-6,13	3,46	1,64	-0,92	-1,66	2,56	4,34	3,94	3,76	2,10	4,84	6,05	3,40	3,94	2,85	18,18	18,61	18,94	10,51	3,01	4,62	-1,36	-1,92	1,14	-2,18	-2,10	-3,93	2,77	2,42	-1,94	-1,43	-10,36	-10,22	-10,05	-15,87	2,59	4,59	1,61	1,53	5,01	3,25	-1,88	-5,40
4,00	-0,55	1,57	2,15	0,55	1,70	0,96	1,66	2,49	-1,52	2,76	-1,40	2,51	2,39	1,02	-0,26	-7,19	2,57	9,53	9,31	2,90	2,73	4,12	14,07	6,77	4,17	3,87	3,07	-5,46	-5,28	3,98	0,41	3,01	2,74	1,65	4,38	-4,39	-2,53	-3,56	3,18	1,94	0,53	-3,52	-3,13	0,91	-4,61	2,87	-1,54	4,02	-1,45	5,40	8,71	3,43	-0,96	5,46	11,35	5,47	-1,86	3,61	10,37	2,69	5,11	4,38	-4,21	-5,42	0,88	2,92	8,99	7,11	3,69	6,51	2,56	8,60	4,85	8,26	6,95	4,23	3,33	-2,14	3,78	4,12	3,65	4,16	0,08	5,83	9,92	8,77	8,80	2,93	5,46	6,88	1,61	1,79	-0,90	-0,15	0,50	-0,74	1,28	6,14	4,54	8,50	0,45	7,07	3,38	0,34	6,47	1,05	-1,39	1,38	4,38	0,17	2,40	0,56	7,36	3,85	3,93	11,46	8,53	4,73	0,85	3,98	5,65	2,86	-2,21	-4,00	-4,26	-0,53	-3,44	0,89	-4,55	4,48	4,90	3,00	2,21	-0,74	0,66	7,82	0,06	-1,76	-5,02	4,09	3,18	-5,27	0,06	4,11	-2,10	1,58	3,21	2,55	4,53	2,33	12,24	8,39	4,44	0,17	-4,39	4,06	1,26	3,98	11,80	3,45	-2,31	-3,81	-4,80	-3,61	-2,09	1,12	2,63	1,26	-4,56	0,56	-11,12	4,70	2,40	4,62	4,07	-3,41	0,49	-9,49	-3,67	-7,72	-8,37	5,47	2,15	-3,40	1,18	8,72	7,08	5,33	4,24	6,02	6,00	1,18	-0,94	-2,36	0,53	0,63	-2,16	3,42	6,48	2,47	-1,92	-0,44	5,04	11,98	2,60	1,06	-3,03	-0,52	4,37	1,63	4,45	3,13	7,05	7,05	2,32	7,07	0,22	-1,32	-1,96	-3,52	-1,16	-9,28	-8,49	-9,97	-11,34	4,99	-5,71	-2,78	3,86	3,19	2,07	1,00	1,20	1,30	-1,20	-2,22	-0,44	0,27	-7,57	-7,35	-7,90	-4,32	3,35	2,50	-1,00	3,47	4,31	-1,56	1,18	5,86	8,14	9,01	1,85	0,64	-1,96	-0,63	1,38	-4,05	1,92	1,46	-2,52	-1,37	-1,12	-0,93	-0,76	-4,68	6,88	1,02	0,09	7,41	0,01	0,65	2,76	2,14	3,83	-3,13	-0,26	-9,89	-8,39	-6,48	-7,83	2,51	-0,65	-0,72	1,91	9,24	6,24	-5,74	5,46	2,69	4,84	-0,00	0,56	3,11	0,41	-2,52	-3,81	3,65	-0,94	2,24	-0,76	-1,20	1,35	-1,05	-2,48	-0,59	1,45	5,27	-1,41	0,43	2,54	3,08	5,44	6,75	2,62	5,55	10,57	3,42	-0,48	1,80	1,73	-9,00	-8,19	-8,37	-10,06	1,33	-4,83	2,10	-0,55	5,06	2,32	-0,05	4,10	-1,60	3,62	6,85	-1,39	0,05	-4,40	0,05	-8,50	-1,30	0,76	-0,55	1,55	1,82	3,30	0,17	0,42	-5,61	2,91	10,30	9,01	7,17	5,87	3,93	7,04	0,39	1,82	-1,42	-3,84	-0,03	-1,73	-5,68	-2,31	-1,21	7,15	1,85	1,03	6,23	3,83	3,54	0,68	-0,15	2,67	-3,16	0,24	-9,55	-7,86	-7,28	-9,05	1,82	0,30	-1,97	-1,60	8,17	6,17	3,43	8,36	7,14	5,24	3,44	-0,93	0,44	4,01	-3,70	-1,22	1,56	1,96	2,28	-4,37	-5,93	-2,58	-4,27	-0,29	9,93	-1,95	-5,83	-7,93	-4,30	-0,15	3,96	3,70	0,87	2,95	6,59	8,69	2,36	-2,11	1,14	5,78	-9,03	-8,16	-7,96	-9,23	-3,59	-3,45	0,92	3,72	2,53	2,45	-3,57	4,52	-0,30	-0,11	7,00	-1,00	-0,28	0,90	-7,01	-0,55	-2,80	0,91	4,59	-2,14	2,69	2,46	0,36	3,01	5,00	8,79	3,57	-0,83	5,16	4,83	0,18	1,52	2,27	1,68	-1,48	-2,70	1,14	0,96	-3,85	1,82	0,28	1,45	1,30	1,10	0,80	-2,54	3,91	-1,86	0,39	0,36	-4,04	-3,34	-9,09	-6,18	-1,21	1,57	0,45	0,28	2,05	6,57	9,99	8,00	3,81	5,92	7,70	-0,29	2,43	-0,05	0,25	1,30	-2,26	-0,68	-3,03	1,33	3,78	0,31	1,20	4,17	3,47	4,65	1,74	1,76	3,11	-0,06	-3,41	2,01	3,18	3,71	1,48	0,24	3,73	8,47	-4,24	-6,24	-2,43	3,34	-9,24	-8,54	-8,76	-9,95	0,49	-3,33	2,16	1,49	-3,16	3,79	-1,95	0,74	-0,32	1,22	6,86	-0,21	-2,56	-4,12	-0,31	1,07	-2,58	0,03	5,87	2,84	-3,73	4,58	4,88	2,89	0,53	3,79	7,00	1,39	1,07	0,56	-0,39	2,49	-0,50	1,63	-0,20	-2,84	2,54	-6,97	-4,28	-6,16	-0,30	6,35	1,42	2,19	2,09	1,41	-6,35	-1,18	1,03	5,19	-2,67	-3,25	-11,72	-9,73	-8,08	-7,16	1,70	5,22	-3,73	0,72	9,11	3,85	-1,68	3,26	5,82	5,30	-0,70	-0,61	0,24	1,76	1,59	-0,80	4,65	2,65	3,01	-0,41	1,34	3,27	5,65	2,82	8,55	2,38	5,21	1,05	0,48	3,15	4,18	5,16	6,29	3,91	5,61	9,71	2,01	-1,98	1,37	-3,38	-8,03	-7,54	-7,86	-9,91	0,89	-3,16	4,45	1,80	-1,09	2,30	-1,53	2,28	0,44	1,87	0,90	-3,73	-2,85	-5,10	1,60	0,31	-0,93	2,30	7,72	0,97	5,77	6,46	2,36	2,56	-0,69	-0,70	7,06	4,56	-0,38	-7,01	4,15	10,73	6,24	5,55	1,07	-2,77	-0,24	-1,47	0,46	-2,29	-2,65	7,38	1,47	3,86	5,94	1,74	2,40	0,31	-1,30	9,69	1,81	4,73	-8,93	-9,13	-7,70	-9,75	2,61	1,89	-2,13	-1,61	0,35	5,58	2,78	7,09	5,06	5,54	2,30	-0,81	-3,11	5,47	1,41	1,72	4,60	-0,86	0,34	-1,60	-2,38	4,00	3,79	1,84	-1,70	-0,70	2,72	2,15	0,61	2,05	9,59	5,64	7,16	4,09	8,96	9,00	-1,73	-5,33	2,16	2,32	1,86	-1,47	-10,36	-5,35	0,16	2,25	5,82	3,31	4,45	4,73	0,19	3,69	-2,25	1,36	6,89	-1,17	0,16	1,22	-1,54	2,58	-1,82	1,05	4,60	0,29	5,95	2,73	0,91	1,89	-3,54	0,13	6,94	0,35	3,00	-6,63	-6,31	4,63	4,51	5,59	0,69	-2,52	-0,02	-0,77	1,13	1,42	-2,28	-0,02	1,15	-6,21	-5,91	-0,22	2,04	1,30	1,45	5,01	-2,96	0,61	-9,51	-8,33	-8,60	-8,64	6,10	1,00	-1,95	-2,14	6,03	8,86	3,43	8,06	4,95	0,11	3,03	0,51	-1,45	1,32	0,82	0,38	1,69	-6,33	4,12	-1,23	-3,19	4,39	3,92	0,84	1,18	0,84	4,99	2,40	0,72	2,02	4,87	4,25	4,66	3,97	6,68	10,47	1,63	-3,40	3,36	0,08	-9,05	-8,96	-8,37	-9,66	-3,81	-3,55	5,06	1,13	5,63	4,45	-1,64	4,55	0,44	1,78	7,23	1,83	-0,27	-2,73	1,87	-1,10	-3,74	0,97	3,89	-2,18	2,95	3,50	2,39	0,04	0,55	6,46	10,06	6,44	3,08	-1,27	-1,44	8,60	0,12	8,38	-0,54	-2,32	1,38	-0,68	-4,23	0,99	0,19	-0,49	-1,69	1,22	5,88	0,25	4,20	6,71	5,45	2,25	-3,62	-0,37	-9,73	-9,34	-7,26	-8,59	6,36	3,93	-4,65	-0,28	7,98	8,80	-3,74	9,29	8,07	7,07	3,61	2,97	2,69	4,24	2,95	3,91	5,21	2,54	-5,88	-5,53	-0,01	3,69	4,08	5,35	0,71	-2,81	2,72	3,19	-1,03	3,88	7,65	10,61	12,80	2,97	6,45	12,91	11,58	6,27	2,85	5,66	4,03	1,80	3,46	-0,74	3,28	3,09	5,02	3,18	7,45	8,35	3,43	1,94	1,50	5,46	8,96	0,06	5,95	-0,67	-0,07	1,49	-5,48	3,69	7,67	4,35	1,05	0,53	1,36	4,43	-1,29	2,50	0,93	1,85	4,95	1,91	3,29	3,87	-9,90	-1,78	-4,76	4,71	1,83	1,94	10,76	-8,01	-1,31	-2,23	1,43	-2,62	-2,36	3,95	3,35	2,19	3,48	-1,17	8,95	11,37	20,01	20,99	19,88	4,08	3,62	11,15	3,09	2,93	2,30	1,57	2,93	2,78	2,67	1,50	-2,01	-14,68	1,82	1,62	2,39	2,17	1,50	-0,32	0,81	0,53	1,95
"x-axis"

